D:\anaconda3\python.exe E:/zhangxirui/RAFT/train.py 
Namespace(name='raft-kitti', stage='kitti', restore_ckpt='checkpoints/raft-sintel.pth', small=False, validation=['kitti'], lr=0.0001, num_steps=120000, batch_size=8, image_size=[288, 960], gpus=[0], mixed_precision=True, iters=12, wdecay=1e-05, epsilon=1e-08, clip=1.0, dropout=0.0, gamma=0.85, add_noise=False)
Parameter Count: 10584674
Training with 200 image pairs
D:\anaconda3\lib\site-packages\torch\functional.py:445: UserWarning: torch.meshgrid: in an upcoming release, it will be required to pass the indexing argument. (Triggered internally at  ..\aten\src\ATen\native\TensorShape.cpp:2157.)
  return _VF.meshgrid(tensors, **kwargs)  # type: ignore[attr-defined]
[   100,  0.0000056]     0.6937,     0.8614,     0.9014,     3.9287, 
[   200,  0.0000072]     0.7230,     0.8846,     0.9208,     2.9444, 
[   300,  0.0000088]     0.7280,     0.8896,     0.9259,     2.6145, 
[   400,  0.0000104]     0.7374,     0.8984,     0.9332,     2.3836, 
[   500,  0.0000120]     0.7418,     0.9015,     0.9359,     2.2014, 
[   600,  0.0000136]     0.7478,     0.9069,     0.9405,     2.0264, 
[   700,  0.0000152]     0.7484,     0.9081,     0.9415,     1.8448, 
[   800,  0.0000168]     0.7613,     0.9156,     0.9480,     1.7013, 
[   900,  0.0000184]     0.7667,     0.9171,     0.9479,     1.6116, 
[  1000,  0.0000200]     0.7661,     0.9182,     0.9490,     1.5597, 
[  1100,  0.0000216]     0.7707,     0.9212,     0.9520,     1.5179, 
[  1200,  0.0000232]     0.7742,     0.9229,     0.9531,     1.4432, 
[  1300,  0.0000248]     0.7768,     0.9240,     0.9542,     1.4144, 
[  1400,  0.0000264]     0.7789,     0.9261,     0.9554,     1.3839, 
[  1500,  0.0000280]     0.7838,     0.9292,     0.9581,     1.3179, 
[  1600,  0.0000296]     0.7850,     0.9279,     0.9566,     1.3278, 
[  1700,  0.0000312]     0.7877,     0.9299,     0.9582,     1.2872, 
[  1800,  0.0000328]     0.7899,     0.9317,     0.9600,     1.2554, 
[  1900,  0.0000344]     0.7902,     0.9324,     0.9600,     1.2328, 
[  2000,  0.0000360]     0.7927,     0.9340,     0.9614,     1.2247, 
[  2100,  0.0000376]     0.7970,     0.9358,     0.9625,     1.1984, 
[  2200,  0.0000392]     0.7963,     0.9354,     0.9621,     1.1954, 
[  2300,  0.0000408]     0.8012,     0.9376,     0.9641,     1.1356, 
[  2400,  0.0000424]     0.8034,     0.9369,     0.9633,     1.1422, 
[  2500,  0.0000440]     0.8044,     0.9392,     0.9647,     1.1081, 
Validation KITTI: 1.348442, 4.853575
[  2600,  0.0000456]     0.8062,     0.9397,     0.9655,     1.1133, 
[  2700,  0.0000472]     0.8099,     0.9416,     0.9663,     1.0889, 
[  2800,  0.0000488]     0.8079,     0.9407,     0.9659,     1.0986, 
[  2900,  0.0000504]     0.8083,     0.9415,     0.9669,     1.0773, 
[  3000,  0.0000520]     0.8111,     0.9419,     0.9670,     1.0710, 
[  3100,  0.0000536]     0.8190,     0.9440,     0.9679,     1.0448, 
[  3200,  0.0000551]     0.8159,     0.9440,     0.9685,     1.0251, 
[  3300,  0.0000567]     0.8121,     0.9426,     0.9681,     1.0354, 
[  3400,  0.0000583]     0.8158,     0.9448,     0.9686,     1.0489, 
[  3500,  0.0000599]     0.8157,     0.9449,     0.9691,     1.0219, 
[  3600,  0.0000615]     0.8224,     0.9471,     0.9705,     0.9588, 
[  3700,  0.0000631]     0.8186,     0.9454,     0.9694,     1.0042, 
[  3800,  0.0000647]     0.8224,     0.9467,     0.9703,     0.9783, 
[  3900,  0.0000663]     0.8200,     0.9462,     0.9703,     0.9812, 
[  4000,  0.0000679]     0.8249,     0.9468,     0.9703,     0.9820, 
[  4100,  0.0000695]     0.8276,     0.9495,     0.9720,     0.9470, 
[  4200,  0.0000711]     0.8256,     0.9486,     0.9713,     0.9580, 
[  4300,  0.0000727]     0.8285,     0.9489,     0.9712,     0.9482, 
[  4400,  0.0000743]     0.8298,     0.9508,     0.9733,     0.9207, 
[  4500,  0.0000759]     0.8299,     0.9500,     0.9723,     0.9433, 
[  4600,  0.0000775]     0.8261,     0.9478,     0.9713,     0.9365, 
[  4700,  0.0000791]     0.8347,     0.9519,     0.9739,     0.8945, 
[  4800,  0.0000807]     0.8346,     0.9529,     0.9746,     0.8766, 
[  4900,  0.0000823]     0.8366,     0.9532,     0.9740,     0.8927, 
[  5000,  0.0000839]     0.8321,     0.9504,     0.9725,     0.9261, 
Validation KITTI: 1.060666, 3.508616
[  5100,  0.0000855]     0.8337,     0.9516,     0.9736,     0.9065, 
[  5200,  0.0000871]     0.8373,     0.9523,     0.9737,     0.8796, 
[  5300,  0.0000887]     0.8362,     0.9526,     0.9736,     0.8795, 
[  5400,  0.0000903]     0.8363,     0.9532,     0.9745,     0.8710, 
[  5500,  0.0000919]     0.8396,     0.9547,     0.9756,     0.8507, 
[  5600,  0.0000935]     0.8386,     0.9531,     0.9743,     0.8671, 
[  5700,  0.0000951]     0.8404,     0.9545,     0.9755,     0.8489, 
[  5800,  0.0000967]     0.8376,     0.9534,     0.9754,     0.8418, 
[  5900,  0.0000983]     0.8465,     0.9572,     0.9770,     0.8211, 
[  6000,  0.0000999]     0.8439,     0.9558,     0.9763,     0.8182, 
[  6100,  0.0000999]     0.8400,     0.9542,     0.9756,     0.8355, 
[  6200,  0.0000998]     0.8425,     0.9547,     0.9757,     0.8312, 
[  6300,  0.0000997]     0.8432,     0.9557,     0.9762,     0.8192, 
[  6400,  0.0000997]     0.8468,     0.9575,     0.9775,     0.8002, 
[  6500,  0.0000996]     0.8455,     0.9563,     0.9765,     0.8326, 
[  6600,  0.0000995]     0.8452,     0.9566,     0.9771,     0.8087, 
[  6700,  0.0000994]     0.8496,     0.9577,     0.9778,     0.7907, 
[  6800,  0.0000993]     0.8473,     0.9562,     0.9769,     0.8084, 
[  6900,  0.0000992]     0.8489,     0.9584,     0.9781,     0.7821, 
[  7000,  0.0000991]     0.8482,     0.9585,     0.9783,     0.7797, 
[  7100,  0.0000990]     0.8517,     0.9588,     0.9781,     0.7829, 
[  7200,  0.0000990]     0.8528,     0.9596,     0.9785,     0.7700, 
[  7300,  0.0000989]     0.8529,     0.9596,     0.9785,     0.7677, 
[  7400,  0.0000988]     0.8542,     0.9598,     0.9785,     0.7677, 
[  7500,  0.0000987]     0.8517,     0.9588,     0.9779,     0.7770, 
Validation KITTI: 0.960509, 3.005839
[  7600,  0.0000986]     0.8512,     0.9597,     0.9791,     0.7664, 
[  7700,  0.0000985]     0.8524,     0.9597,     0.9791,     0.7612, 
[  7800,  0.0000984]     0.8533,     0.9596,     0.9789,     0.7529, 
[  7900,  0.0000983]     0.8551,     0.9613,     0.9799,     0.7503, 
[  8000,  0.0000983]     0.8548,     0.9608,     0.9795,     0.7523, 
[  8100,  0.0000982]     0.8564,     0.9610,     0.9799,     0.7332, 
[  8200,  0.0000981]     0.8573,     0.9617,     0.9803,     0.7294, 
[  8300,  0.0000980]     0.8567,     0.9619,     0.9803,     0.7372, 
[  8400,  0.0000979]     0.8597,     0.9623,     0.9805,     0.7176, 
[  8500,  0.0000978]     0.8557,     0.9617,     0.9801,     0.7505, 
[  8600,  0.0000977]     0.8582,     0.9626,     0.9807,     0.7266, 
[  8700,  0.0000976]     0.8615,     0.9628,     0.9807,     0.7157, 
[  8800,  0.0000976]     0.8600,     0.9625,     0.9808,     0.7233, 
[  8900,  0.0000975]     0.8591,     0.9620,     0.9804,     0.7236, 
[  9000,  0.0000974]     0.8627,     0.9633,     0.9811,     0.7091, 
[  9100,  0.0000973]     0.8580,     0.9617,     0.9802,     0.7181, 
[  9200,  0.0000972]     0.8629,     0.9633,     0.9810,     0.7072, 
[  9300,  0.0000971]     0.8618,     0.9635,     0.9814,     0.7051, 
[  9400,  0.0000970]     0.8621,     0.9642,     0.9820,     0.6996, 
[  9500,  0.0000969]     0.8620,     0.9640,     0.9820,     0.6988, 
[  9600,  0.0000968]     0.8611,     0.9640,     0.9821,     0.6962, 
[  9700,  0.0000968]     0.8638,     0.9642,     0.9818,     0.7007, 
[  9800,  0.0000967]     0.8632,     0.9651,     0.9824,     0.6875, 
[  9900,  0.0000966]     0.8663,     0.9653,     0.9823,     0.6796, 
[ 10000,  0.0000965]     0.8647,     0.9641,     0.9815,     0.6932, 
Validation KITTI: 0.882028, 2.678614
[ 10100,  0.0000964]     0.8641,     0.9647,     0.9823,     0.6834, 
[ 10200,  0.0000963]     0.8638,     0.9647,     0.9825,     0.6867, 
[ 10300,  0.0000962]     0.8624,     0.9636,     0.9817,     0.6933, 
[ 10400,  0.0000961]     0.8651,     0.9650,     0.9825,     0.6827, 
[ 10500,  0.0000961]     0.8690,     0.9656,     0.9822,     0.6743, 
[ 10600,  0.0000960]     0.8662,     0.9651,     0.9824,     0.6760, 
[ 10700,  0.0000959]     0.8665,     0.9648,     0.9823,     0.6711, 
[ 10800,  0.0000958]     0.8661,     0.9654,     0.9828,     0.6755, 
[ 10900,  0.0000957]     0.8673,     0.9649,     0.9822,     0.6709, 
[ 11000,  0.0000956]     0.8684,     0.9662,     0.9830,     0.6619, 
[ 11100,  0.0000955]     0.8667,     0.9650,     0.9820,     0.6834, 
[ 11200,  0.0000954]     0.8709,     0.9666,     0.9831,     0.6575, 
[ 11300,  0.0000954]     0.8664,     0.9653,     0.9827,     0.6731, 
[ 11400,  0.0000953]     0.8714,     0.9675,     0.9839,     0.6490, 
[ 11500,  0.0000952]     0.8690,     0.9667,     0.9835,     0.6583, 
[ 11600,  0.0000951]     0.8724,     0.9679,     0.9842,     0.6354, 
[ 11700,  0.0000950]     0.8711,     0.9672,     0.9836,     0.6538, 
[ 11800,  0.0000949]     0.8679,     0.9667,     0.9838,     0.6495, 
[ 11900,  0.0000948]     0.8726,     0.9679,     0.9842,     0.6405, 
[ 12000,  0.0000947]     0.8715,     0.9665,     0.9829,     0.6560, 
[ 12100,  0.0000947]     0.8716,     0.9676,     0.9841,     0.6481, 
[ 12200,  0.0000946]     0.8698,     0.9670,     0.9835,     0.6578, 
[ 12300,  0.0000945]     0.8714,     0.9668,     0.9833,     0.6531, 
[ 12400,  0.0000944]     0.8716,     0.9676,     0.9841,     0.6473, 
[ 12500,  0.0000943]     0.8735,     0.9676,     0.9837,     0.6392, 
Validation KITTI: 0.846305, 2.475263
[ 12600,  0.0000942]     0.8721,     0.9679,     0.9842,     0.6419, 
[ 12700,  0.0000941]     0.8751,     0.9681,     0.9841,     0.6310, 
[ 12800,  0.0000940]     0.8758,     0.9687,     0.9845,     0.6259, 
[ 12900,  0.0000940]     0.8740,     0.9685,     0.9841,     0.6381, 
[ 13000,  0.0000939]     0.8742,     0.9685,     0.9848,     0.6299, 
[ 13100,  0.0000938]     0.8735,     0.9679,     0.9842,     0.6382, 
[ 13200,  0.0000937]     0.8779,     0.9701,     0.9854,     0.6101, 
[ 13300,  0.0000936]     0.8772,     0.9691,     0.9846,     0.6299, 
[ 13400,  0.0000935]     0.8773,     0.9698,     0.9851,     0.6167, 
[ 13500,  0.0000934]     0.8773,     0.9695,     0.9851,     0.6174, 
[ 13600,  0.0000933]     0.8766,     0.9694,     0.9850,     0.6210, 
[ 13700,  0.0000933]     0.8740,     0.9682,     0.9842,     0.6333, 
[ 13800,  0.0000932]     0.8774,     0.9697,     0.9850,     0.6209, 
[ 13900,  0.0000931]     0.8781,     0.9706,     0.9857,     0.6124, 
[ 14000,  0.0000930]     0.8758,     0.9693,     0.9851,     0.6156, 
[ 14100,  0.0000929]     0.8787,     0.9701,     0.9853,     0.6088, 
[ 14200,  0.0000928]     0.8772,     0.9700,     0.9854,     0.6130, 
[ 14300,  0.0000927]     0.8784,     0.9706,     0.9857,     0.6056, 
[ 14400,  0.0000926]     0.8812,     0.9709,     0.9858,     0.5981, 
[ 14500,  0.0000926]     0.8793,     0.9699,     0.9852,     0.6087, 
[ 14600,  0.0000925]     0.8802,     0.9717,     0.9864,     0.5914, 
[ 14700,  0.0000924]     0.8826,     0.9712,     0.9860,     0.5905, 
[ 14800,  0.0000923]     0.8780,     0.9697,     0.9849,     0.6094, 
[ 14900,  0.0000922]     0.8773,     0.9705,     0.9856,     0.6117, 
[ 15000,  0.0000921]     0.8786,     0.9696,     0.9849,     0.6145, 
Validation KITTI: 0.792452, 2.271292
[ 15100,  0.0000920]     0.8782,     0.9700,     0.9852,     0.6056, 
[ 15200,  0.0000919]     0.8832,     0.9710,     0.9857,     0.5919, 
[ 15300,  0.0000919]     0.8808,     0.9718,     0.9866,     0.5932, 
[ 15400,  0.0000918]     0.8807,     0.9707,     0.9857,     0.5951, 
[ 15500,  0.0000917]     0.8802,     0.9712,     0.9864,     0.5901, 
[ 15600,  0.0000916]     0.8814,     0.9728,     0.9869,     0.5873, 
[ 15700,  0.0000915]     0.8854,     0.9718,     0.9862,     0.5819, 
[ 15800,  0.0000914]     0.8817,     0.9718,     0.9865,     0.5906, 
[ 15900,  0.0000913]     0.8810,     0.9710,     0.9861,     0.5946, 
[ 16000,  0.0000912]     0.8816,     0.9706,     0.9856,     0.5992, 
[ 16100,  0.0000912]     0.8820,     0.9716,     0.9864,     0.5871, 
[ 16200,  0.0000911]     0.8819,     0.9712,     0.9862,     0.5892, 
[ 16300,  0.0000910]     0.8820,     0.9711,     0.9859,     0.5926, 
[ 16400,  0.0000909]     0.8804,     0.9707,     0.9854,     0.6006, 
[ 16500,  0.0000908]     0.8855,     0.9720,     0.9864,     0.5799, 
[ 16600,  0.0000907]     0.8849,     0.9719,     0.9861,     0.5906, 
[ 16700,  0.0000906]     0.8816,     0.9728,     0.9872,     0.5767, 
[ 16800,  0.0000905]     0.8837,     0.9719,     0.9864,     0.5832, 
[ 16900,  0.0000905]     0.8851,     0.9734,     0.9872,     0.5739, 
[ 17000,  0.0000904]     0.8866,     0.9725,     0.9865,     0.5780, 
[ 17100,  0.0000903]     0.8825,     0.9720,     0.9863,     0.5848, 
[ 17200,  0.0000902]     0.8832,     0.9720,     0.9864,     0.5870, 
[ 17300,  0.0000901]     0.8843,     0.9725,     0.9868,     0.5782, 
[ 17400,  0.0000900]     0.8807,     0.9721,     0.9869,     0.5820, 
[ 17500,  0.0000899]     0.8827,     0.9719,     0.9867,     0.5845, 
Validation KITTI: 0.814097, 2.293458
[ 17600,  0.0000898]     0.8860,     0.9724,     0.9866,     0.5735, 
[ 17700,  0.0000897]     0.8844,     0.9727,     0.9874,     0.5665, 
[ 17800,  0.0000897]     0.8831,     0.9719,     0.9867,     0.5790, 
[ 17900,  0.0000896]     0.8844,     0.9729,     0.9871,     0.5721, 
[ 18000,  0.0000895]     0.8831,     0.9713,     0.9863,     0.5829, 
[ 18100,  0.0000894]     0.8835,     0.9721,     0.9867,     0.5817, 
[ 18200,  0.0000893]     0.8838,     0.9720,     0.9866,     0.5745, 
[ 18300,  0.0000892]     0.8861,     0.9725,     0.9868,     0.5694, 
[ 18400,  0.0000891]     0.8876,     0.9736,     0.9872,     0.5668, 
[ 18500,  0.0000890]     0.8886,     0.9738,     0.9873,     0.5612, 
[ 18600,  0.0000890]     0.8869,     0.9736,     0.9875,     0.5619, 
[ 18700,  0.0000889]     0.8868,     0.9744,     0.9879,     0.5614, 
[ 18800,  0.0000888]     0.8863,     0.9732,     0.9872,     0.5651, 
[ 18900,  0.0000887]     0.8864,     0.9733,     0.9873,     0.5644, 
[ 19000,  0.0000886]     0.8869,     0.9731,     0.9874,     0.5551, 
[ 19100,  0.0000885]     0.8884,     0.9734,     0.9871,     0.5612, 
[ 19200,  0.0000884]     0.8891,     0.9740,     0.9876,     0.5594, 
[ 19300,  0.0000883]     0.8877,     0.9733,     0.9872,     0.5575, 
[ 19400,  0.0000883]     0.8880,     0.9734,     0.9871,     0.5603, 
[ 19500,  0.0000882]     0.8853,     0.9731,     0.9874,     0.5642, 
[ 19600,  0.0000881]     0.8878,     0.9730,     0.9872,     0.5607, 
[ 19700,  0.0000880]     0.8868,     0.9736,     0.9875,     0.5604, 
[ 19800,  0.0000879]     0.8890,     0.9751,     0.9885,     0.5453, 
[ 19900,  0.0000878]     0.8859,     0.9735,     0.9876,     0.5563, 
[ 20000,  0.0000877]     0.8896,     0.9741,     0.9875,     0.5561, 
Validation KITTI: 0.737953, 1.892334
[ 20100,  0.0000876]     0.8892,     0.9736,     0.9872,     0.5623, 
[ 20200,  0.0000876]     0.8891,     0.9739,     0.9877,     0.5505, 
[ 20300,  0.0000875]     0.8904,     0.9748,     0.9881,     0.5447, 
[ 20400,  0.0000874]     0.8882,     0.9736,     0.9874,     0.5591, 
[ 20500,  0.0000873]     0.8904,     0.9749,     0.9883,     0.5443, 
[ 20600,  0.0000872]     0.8902,     0.9749,     0.9883,     0.5463, 
[ 20700,  0.0000871]     0.8888,     0.9740,     0.9874,     0.5543, 
[ 20800,  0.0000870]     0.8905,     0.9744,     0.9876,     0.5490, 
[ 20900,  0.0000869]     0.8895,     0.9741,     0.9877,     0.5453, 
[ 21000,  0.0000869]     0.8917,     0.9751,     0.9882,     0.5388, 
[ 21100,  0.0000868]     0.8904,     0.9750,     0.9882,     0.5435, 
[ 21200,  0.0000867]     0.8880,     0.9743,     0.9879,     0.5524, 
[ 21300,  0.0000866]     0.8884,     0.9739,     0.9877,     0.5516, 
[ 21400,  0.0000865]     0.8911,     0.9757,     0.9884,     0.5387, 
[ 21500,  0.0000864]     0.8896,     0.9747,     0.9883,     0.5415, 
[ 21600,  0.0000863]     0.8926,     0.9751,     0.9880,     0.5420, 
[ 21700,  0.0000862]     0.8895,     0.9745,     0.9879,     0.5456, 
[ 21800,  0.0000862]     0.8896,     0.9747,     0.9879,     0.5514, 
[ 21900,  0.0000861]     0.8921,     0.9750,     0.9882,     0.5404, 
[ 22000,  0.0000860]     0.8891,     0.9741,     0.9880,     0.5429, 
[ 22100,  0.0000859]     0.8901,     0.9743,     0.9878,     0.5481, 
[ 22200,  0.0000858]     0.8908,     0.9756,     0.9886,     0.5388, 
[ 22300,  0.0000857]     0.8903,     0.9755,     0.9887,     0.5368, 
[ 22400,  0.0000856]     0.8901,     0.9748,     0.9885,     0.5377, 
[ 22500,  0.0000855]     0.8890,     0.9743,     0.9880,     0.5442, 
Validation KITTI: 0.723610, 1.867426
[ 22600,  0.0000855]     0.8929,     0.9748,     0.9878,     0.5411, 
[ 22700,  0.0000854]     0.8924,     0.9755,     0.9884,     0.5287, 
[ 22800,  0.0000853]     0.8910,     0.9755,     0.9884,     0.5404, 
[ 22900,  0.0000852]     0.8912,     0.9745,     0.9880,     0.5408, 
[ 23000,  0.0000851]     0.8925,     0.9758,     0.9887,     0.5315, 
[ 23100,  0.0000850]     0.8931,     0.9767,     0.9893,     0.5209, 
[ 23200,  0.0000849]     0.8919,     0.9757,     0.9888,     0.5302, 
[ 23300,  0.0000848]     0.8943,     0.9765,     0.9891,     0.5245, 
[ 23400,  0.0000848]     0.8904,     0.9757,     0.9888,     0.5324, 
[ 23500,  0.0000847]     0.8918,     0.9763,     0.9890,     0.5269, 
[ 23600,  0.0000846]     0.8940,     0.9762,     0.9886,     0.5311, 
[ 23700,  0.0000845]     0.8932,     0.9759,     0.9887,     0.5331, 
[ 23800,  0.0000844]     0.8939,     0.9758,     0.9889,     0.5273, 
[ 23900,  0.0000843]     0.8939,     0.9761,     0.9889,     0.5262, 
[ 24000,  0.0000842]     0.8922,     0.9749,     0.9879,     0.5395, 
[ 24100,  0.0000841]     0.8964,     0.9771,     0.9895,     0.5138, 
[ 24200,  0.0000841]     0.8930,     0.9760,     0.9889,     0.5319, 
[ 24300,  0.0000840]     0.8944,     0.9757,     0.9885,     0.5292, 
[ 24400,  0.0000839]     0.8948,     0.9761,     0.9888,     0.5292, 
[ 24500,  0.0000838]     0.8955,     0.9767,     0.9893,     0.5182, 
[ 24600,  0.0000837]     0.8921,     0.9757,     0.9886,     0.5292, 
[ 24700,  0.0000836]     0.8950,     0.9762,     0.9889,     0.5220, 
[ 24800,  0.0000835]     0.8970,     0.9766,     0.9891,     0.5136, 
[ 24900,  0.0000834]     0.8943,     0.9759,     0.9887,     0.5255, 
[ 25000,  0.0000834]     0.8954,     0.9764,     0.9890,     0.5181, 
Validation KITTI: 0.698616, 1.787127
[ 25100,  0.0000833]     0.8944,     0.9772,     0.9897,     0.5163, 
[ 25200,  0.0000832]     0.8971,     0.9775,     0.9895,     0.5110, 
[ 25300,  0.0000831]     0.8940,     0.9758,     0.9890,     0.5228, 
[ 25400,  0.0000830]     0.8963,     0.9773,     0.9896,     0.5067, 
[ 25500,  0.0000829]     0.8959,     0.9772,     0.9895,     0.5164, 
[ 25600,  0.0000828]     0.8940,     0.9767,     0.9893,     0.5160, 
[ 25700,  0.0000827]     0.8940,     0.9766,     0.9894,     0.5242, 
[ 25800,  0.0000827]     0.8936,     0.9764,     0.9894,     0.5193, 
[ 25900,  0.0000826]     0.8946,     0.9766,     0.9891,     0.5224, 
[ 26000,  0.0000825]     0.8945,     0.9762,     0.9887,     0.5232, 
[ 26100,  0.0000824]     0.8967,     0.9767,     0.9890,     0.5165, 
[ 26200,  0.0000823]     0.8961,     0.9773,     0.9894,     0.5131, 
[ 26300,  0.0000822]     0.8991,     0.9781,     0.9900,     0.5009, 
[ 26400,  0.0000821]     0.8934,     0.9765,     0.9891,     0.5249, 
[ 26500,  0.0000820]     0.8989,     0.9774,     0.9896,     0.5032, 
[ 26600,  0.0000819]     0.8970,     0.9772,     0.9895,     0.5131, 
[ 26700,  0.0000819]     0.8963,     0.9769,     0.9893,     0.5160, 
[ 26800,  0.0000818]     0.8968,     0.9775,     0.9896,     0.5127, 
[ 26900,  0.0000817]     0.8963,     0.9774,     0.9897,     0.5055, 
[ 27000,  0.0000816]     0.8969,     0.9771,     0.9894,     0.5088, 
[ 27100,  0.0000815]     0.8992,     0.9776,     0.9897,     0.5038, 
[ 27200,  0.0000814]     0.8962,     0.9774,     0.9896,     0.5109, 
[ 27300,  0.0000813]     0.9001,     0.9779,     0.9899,     0.4959, 
[ 27400,  0.0000812]     0.8960,     0.9765,     0.9892,     0.5179, 
[ 27500,  0.0000812]     0.8977,     0.9773,     0.9896,     0.5049, 
Validation KITTI: 0.703049, 1.705615
[ 27600,  0.0000811]     0.9000,     0.9781,     0.9900,     0.4968, 
[ 27700,  0.0000810]     0.8988,     0.9773,     0.9896,     0.5074, 
[ 27800,  0.0000809]     0.8952,     0.9768,     0.9894,     0.5176, 
[ 27900,  0.0000808]     0.8999,     0.9779,     0.9898,     0.4992, 
[ 28000,  0.0000807]     0.8983,     0.9783,     0.9903,     0.4997, 
[ 28100,  0.0000806]     0.9018,     0.9784,     0.9900,     0.4933, 
[ 28200,  0.0000805]     0.8974,     0.9772,     0.9893,     0.5085, 
[ 28300,  0.0000805]     0.8995,     0.9782,     0.9900,     0.5024, 
[ 28400,  0.0000804]     0.8995,     0.9773,     0.9896,     0.5013, 
[ 28500,  0.0000803]     0.9004,     0.9791,     0.9904,     0.4933, 
[ 28600,  0.0000802]     0.8982,     0.9775,     0.9898,     0.5012, 
[ 28700,  0.0000801]     0.8980,     0.9776,     0.9897,     0.5048, 
[ 28800,  0.0000800]     0.8959,     0.9773,     0.9895,     0.5136, 
[ 28900,  0.0000799]     0.9001,     0.9782,     0.9899,     0.5028, 
[ 29000,  0.0000798]     0.8967,     0.9770,     0.9894,     0.5110, 
[ 29100,  0.0000798]     0.8979,     0.9771,     0.9893,     0.5104, 
[ 29200,  0.0000797]     0.9001,     0.9784,     0.9903,     0.4951, 
[ 29300,  0.0000796]     0.9002,     0.9779,     0.9897,     0.4987, 
[ 29400,  0.0000795]     0.9003,     0.9785,     0.9902,     0.4935, 
[ 29500,  0.0000794]     0.8999,     0.9789,     0.9906,     0.4913, 
[ 29600,  0.0000793]     0.8968,     0.9780,     0.9900,     0.5061, 
[ 29700,  0.0000792]     0.9015,     0.9788,     0.9902,     0.4916, 
[ 29800,  0.0000791]     0.9005,     0.9788,     0.9905,     0.4883, 
[ 29900,  0.0000791]     0.8996,     0.9783,     0.9902,     0.4936, 
[ 30000,  0.0000790]     0.8991,     0.9779,     0.9900,     0.5004, 
Validation KITTI: 0.665716, 1.583101
[ 30100,  0.0000789]     0.8991,     0.9785,     0.9903,     0.4972, 
[ 30200,  0.0000788]     0.9001,     0.9775,     0.9894,     0.5020, 
[ 30300,  0.0000787]     0.8985,     0.9777,     0.9897,     0.5030, 
[ 30400,  0.0000786]     0.9013,     0.9787,     0.9902,     0.4903, 
[ 30500,  0.0000785]     0.9003,     0.9783,     0.9901,     0.4923, 
[ 30600,  0.0000784]     0.9017,     0.9789,     0.9903,     0.4931, 
[ 30700,  0.0000784]     0.9001,     0.9782,     0.9902,     0.4919, 
[ 30800,  0.0000783]     0.9017,     0.9791,     0.9906,     0.4893, 
[ 30900,  0.0000782]     0.8998,     0.9787,     0.9901,     0.4945, 
[ 31000,  0.0000781]     0.9022,     0.9790,     0.9905,     0.4840, 
[ 31100,  0.0000780]     0.9013,     0.9787,     0.9902,     0.4913, 
[ 31200,  0.0000779]     0.8990,     0.9782,     0.9900,     0.4983, 
[ 31300,  0.0000778]     0.9003,     0.9782,     0.9901,     0.4917, 
[ 31400,  0.0000777]     0.9009,     0.9788,     0.9904,     0.4903, 
[ 31500,  0.0000777]     0.9039,     0.9799,     0.9909,     0.4799, 
[ 31600,  0.0000776]     0.9014,     0.9788,     0.9902,     0.4961, 
[ 31700,  0.0000775]     0.9018,     0.9785,     0.9902,     0.4869, 
[ 31800,  0.0000774]     0.9014,     0.9792,     0.9906,     0.4849, 
[ 31900,  0.0000773]     0.9000,     0.9786,     0.9906,     0.4866, 
[ 32000,  0.0000772]     0.9020,     0.9799,     0.9910,     0.4811, 
[ 32100,  0.0000771]     0.9010,     0.9786,     0.9901,     0.4941, 
[ 32200,  0.0000770]     0.9034,     0.9797,     0.9909,     0.4822, 
[ 32300,  0.0000770]     0.9037,     0.9803,     0.9912,     0.4740, 
[ 32400,  0.0000769]     0.9019,     0.9791,     0.9907,     0.4831, 
[ 32500,  0.0000768]     0.8999,     0.9786,     0.9905,     0.4898, 
Validation KITTI: 0.654001, 1.615711
[ 32600,  0.0000767]     0.9017,     0.9793,     0.9905,     0.4856, 
[ 32700,  0.0000766]     0.9019,     0.9793,     0.9908,     0.4826, 
[ 32800,  0.0000765]     0.9045,     0.9798,     0.9908,     0.4800, 
[ 32900,  0.0000764]     0.9008,     0.9788,     0.9904,     0.4856, 
[ 33000,  0.0000763]     0.9027,     0.9791,     0.9905,     0.4821, 
[ 33100,  0.0000763]     0.9011,     0.9791,     0.9905,     0.4872, 
[ 33200,  0.0000762]     0.9039,     0.9792,     0.9904,     0.4808, 
[ 33300,  0.0000761]     0.9008,     0.9796,     0.9912,     0.4805, 
[ 33400,  0.0000760]     0.9035,     0.9792,     0.9905,     0.4832, 
[ 33500,  0.0000759]     0.9034,     0.9796,     0.9906,     0.4825, 
[ 33600,  0.0000758]     0.9025,     0.9792,     0.9907,     0.4804, 
[ 33700,  0.0000757]     0.9019,     0.9795,     0.9910,     0.4808, 
[ 33800,  0.0000756]     0.9023,     0.9797,     0.9911,     0.4784, 
[ 33900,  0.0000756]     0.9008,     0.9780,     0.9898,     0.4898, 
[ 34000,  0.0000755]     0.9020,     0.9791,     0.9905,     0.4855, 
[ 34100,  0.0000754]     0.9034,     0.9799,     0.9910,     0.4767, 
[ 34200,  0.0000753]     0.9046,     0.9801,     0.9911,     0.4713, 
[ 34300,  0.0000752]     0.9032,     0.9791,     0.9907,     0.4795, 
[ 34400,  0.0000751]     0.9036,     0.9794,     0.9906,     0.4808, 
[ 34500,  0.0000750]     0.9033,     0.9799,     0.9910,     0.4766, 
[ 34600,  0.0000749]     0.9033,     0.9794,     0.9907,     0.4770, 
[ 34700,  0.0000749]     0.9054,     0.9801,     0.9911,     0.4685, 
[ 34800,  0.0000748]     0.9028,     0.9797,     0.9910,     0.4776, 
[ 34900,  0.0000747]     0.9056,     0.9806,     0.9912,     0.4694, 
[ 35000,  0.0000746]     0.9028,     0.9797,     0.9910,     0.4764, 
Validation KITTI: 0.655472, 1.530634
[ 35100,  0.0000745]     0.9062,     0.9806,     0.9914,     0.4654, 
[ 35200,  0.0000744]     0.9029,     0.9788,     0.9903,     0.4837, 
[ 35300,  0.0000743]     0.9027,     0.9793,     0.9906,     0.4829, 
[ 35400,  0.0000742]     0.9052,     0.9796,     0.9906,     0.4764, 
[ 35500,  0.0000741]     0.9029,     0.9796,     0.9910,     0.4809, 
[ 35600,  0.0000741]     0.9058,     0.9804,     0.9911,     0.4671, 
[ 35700,  0.0000740]     0.9025,     0.9795,     0.9909,     0.4770, 
[ 35800,  0.0000739]     0.9035,     0.9800,     0.9912,     0.4741, 
[ 35900,  0.0000738]     0.9049,     0.9806,     0.9915,     0.4638, 
[ 36000,  0.0000737]     0.9054,     0.9806,     0.9915,     0.4650, 
[ 36100,  0.0000736]     0.9044,     0.9800,     0.9911,     0.4730, 
[ 36200,  0.0000735]     0.9050,     0.9801,     0.9910,     0.4719, 
[ 36300,  0.0000734]     0.9041,     0.9802,     0.9914,     0.4681, 
[ 36400,  0.0000734]     0.9019,     0.9786,     0.9904,     0.4816, 
[ 36500,  0.0000733]     0.9054,     0.9801,     0.9910,     0.4699, 
[ 36600,  0.0000732]     0.9080,     0.9807,     0.9913,     0.4601, 
[ 36700,  0.0000731]     0.9023,     0.9793,     0.9905,     0.4828, 
[ 36800,  0.0000730]     0.9040,     0.9800,     0.9911,     0.4705, 
[ 36900,  0.0000729]     0.9058,     0.9800,     0.9909,     0.4713, 
[ 37000,  0.0000728]     0.9066,     0.9802,     0.9909,     0.4683, 
[ 37100,  0.0000727]     0.9062,     0.9806,     0.9911,     0.4674, 
[ 37200,  0.0000727]     0.9040,     0.9792,     0.9905,     0.4767, 
[ 37300,  0.0000726]     0.9065,     0.9802,     0.9910,     0.4658, 
[ 37400,  0.0000725]     0.9040,     0.9792,     0.9908,     0.4758, 
[ 37500,  0.0000724]     0.9053,     0.9798,     0.9907,     0.4714, 
Validation KITTI: 0.635552, 1.491940
[ 37600,  0.0000723]     0.9074,     0.9806,     0.9912,     0.4626, 
[ 37700,  0.0000722]     0.9060,     0.9805,     0.9913,     0.4640, 
[ 37800,  0.0000721]     0.9048,     0.9801,     0.9911,     0.4679, 
[ 37900,  0.0000720]     0.9047,     0.9804,     0.9914,     0.4653, 
[ 38000,  0.0000720]     0.9067,     0.9810,     0.9915,     0.4616, 
[ 38100,  0.0000719]     0.9079,     0.9809,     0.9915,     0.4573, 
[ 38200,  0.0000718]     0.9063,     0.9806,     0.9913,     0.4639, 
[ 38300,  0.0000717]     0.9055,     0.9806,     0.9914,     0.4637, 
[ 38400,  0.0000716]     0.9064,     0.9806,     0.9913,     0.4668, 
[ 38500,  0.0000715]     0.9072,     0.9808,     0.9915,     0.4614, 
[ 38600,  0.0000714]     0.9061,     0.9802,     0.9909,     0.4672, 
[ 38700,  0.0000713]     0.9067,     0.9807,     0.9914,     0.4632, 
[ 38800,  0.0000713]     0.9066,     0.9802,     0.9910,     0.4672, 
[ 38900,  0.0000712]     0.9055,     0.9808,     0.9914,     0.4653, 
[ 39000,  0.0000711]     0.9050,     0.9802,     0.9912,     0.4692, 
[ 39100,  0.0000710]     0.9067,     0.9808,     0.9915,     0.4622, 
[ 39200,  0.0000709]     0.9083,     0.9813,     0.9918,     0.4556, 
[ 39300,  0.0000708]     0.9075,     0.9805,     0.9912,     0.4656, 
[ 39400,  0.0000707]     0.9068,     0.9806,     0.9914,     0.4623, 
[ 39500,  0.0000706]     0.9074,     0.9808,     0.9915,     0.4607, 
[ 39600,  0.0000706]     0.9058,     0.9804,     0.9914,     0.4652, 
[ 39700,  0.0000705]     0.9042,     0.9805,     0.9914,     0.4681, 
[ 39800,  0.0000704]     0.9104,     0.9813,     0.9918,     0.4486, 
[ 39900,  0.0000703]     0.9079,     0.9813,     0.9916,     0.4593, 
[ 40000,  0.0000702]     0.9044,     0.9797,     0.9910,     0.4685, 
Validation KITTI: 0.644158, 1.466308
[ 40100,  0.0000701]     0.9076,     0.9810,     0.9916,     0.4603, 
[ 40200,  0.0000700]     0.9075,     0.9814,     0.9919,     0.4583, 
[ 40300,  0.0000699]     0.9074,     0.9805,     0.9912,     0.4618, 
[ 40400,  0.0000699]     0.9071,     0.9807,     0.9915,     0.4578, 
[ 40500,  0.0000698]     0.9072,     0.9805,     0.9912,     0.4628, 
[ 40600,  0.0000697]     0.9071,     0.9809,     0.9916,     0.4574, 
[ 40700,  0.0000696]     0.9060,     0.9805,     0.9914,     0.4649, 
[ 40800,  0.0000695]     0.9078,     0.9809,     0.9916,     0.4622, 
[ 40900,  0.0000694]     0.9085,     0.9809,     0.9915,     0.4572, 
[ 41000,  0.0000693]     0.9115,     0.9823,     0.9920,     0.4465, 
[ 41100,  0.0000692]     0.9079,     0.9817,     0.9919,     0.4548, 
[ 41200,  0.0000692]     0.9090,     0.9815,     0.9918,     0.4549, 
[ 41300,  0.0000691]     0.9074,     0.9813,     0.9918,     0.4536, 
[ 41400,  0.0000690]     0.9081,     0.9808,     0.9914,     0.4559, 
[ 41500,  0.0000689]     0.9079,     0.9813,     0.9919,     0.4535, 
[ 41600,  0.0000688]     0.9066,     0.9812,     0.9918,     0.4567, 
[ 41700,  0.0000687]     0.9089,     0.9811,     0.9916,     0.4555, 
[ 41800,  0.0000686]     0.9078,     0.9818,     0.9921,     0.4537, 
[ 41900,  0.0000685]     0.9080,     0.9817,     0.9919,     0.4545, 
[ 42000,  0.0000685]     0.9098,     0.9815,     0.9917,     0.4496, 
[ 42100,  0.0000684]     0.9089,     0.9817,     0.9919,     0.4530, 
[ 42200,  0.0000683]     0.9088,     0.9816,     0.9919,     0.4495, 
[ 42300,  0.0000682]     0.9111,     0.9820,     0.9920,     0.4438, 
[ 42400,  0.0000681]     0.9090,     0.9815,     0.9917,     0.4516, 
[ 42500,  0.0000680]     0.9090,     0.9815,     0.9916,     0.4534, 
Validation KITTI: 0.649659, 1.513779
[ 42600,  0.0000679]     0.9089,     0.9813,     0.9916,     0.4541, 
[ 42700,  0.0000678]     0.9089,     0.9818,     0.9921,     0.4491, 
[ 42800,  0.0000678]     0.9088,     0.9817,     0.9921,     0.4499, 
[ 42900,  0.0000677]     0.9088,     0.9815,     0.9920,     0.4516, 
[ 43000,  0.0000676]     0.9101,     0.9819,     0.9921,     0.4467, 
[ 43100,  0.0000675]     0.9069,     0.9810,     0.9916,     0.4539, 
[ 43200,  0.0000674]     0.9082,     0.9811,     0.9917,     0.4537, 
[ 43300,  0.0000673]     0.9079,     0.9807,     0.9914,     0.4555, 
[ 43400,  0.0000672]     0.9100,     0.9817,     0.9920,     0.4439, 
[ 43500,  0.0000671]     0.9095,     0.9815,     0.9919,     0.4489, 
[ 43600,  0.0000670]     0.9077,     0.9813,     0.9920,     0.4512, 
[ 43700,  0.0000670]     0.9093,     0.9816,     0.9917,     0.4517, 
[ 43800,  0.0000669]     0.9103,     0.9820,     0.9920,     0.4493, 
[ 43900,  0.0000668]     0.9082,     0.9816,     0.9922,     0.4489, 
[ 44000,  0.0000667]     0.9097,     0.9815,     0.9919,     0.4477, 
[ 44100,  0.0000666]     0.9107,     0.9821,     0.9921,     0.4453, 
[ 44200,  0.0000665]     0.9119,     0.9827,     0.9924,     0.4378, 
[ 44300,  0.0000664]     0.9097,     0.9818,     0.9921,     0.4477, 
[ 44400,  0.0000663]     0.9119,     0.9824,     0.9922,     0.4412, 
[ 44500,  0.0000663]     0.9104,     0.9822,     0.9922,     0.4418, 
[ 44600,  0.0000662]     0.9104,     0.9815,     0.9918,     0.4467, 
[ 44700,  0.0000661]     0.9091,     0.9814,     0.9918,     0.4515, 
[ 44800,  0.0000660]     0.9105,     0.9825,     0.9924,     0.4419, 
[ 44900,  0.0000659]     0.9110,     0.9827,     0.9926,     0.4378, 
[ 45000,  0.0000658]     0.9108,     0.9820,     0.9922,     0.4454, 
Validation KITTI: 0.633411, 1.448746
[ 45100,  0.0000657]     0.9106,     0.9822,     0.9923,     0.4410, 
[ 45200,  0.0000656]     0.9090,     0.9818,     0.9920,     0.4514, 
[ 45300,  0.0000656]     0.9092,     0.9820,     0.9922,     0.4455, 
[ 45400,  0.0000655]     0.9119,     0.9824,     0.9923,     0.4409, 
[ 45500,  0.0000654]     0.9118,     0.9821,     0.9921,     0.4408, 
[ 45600,  0.0000653]     0.9100,     0.9818,     0.9922,     0.4442, 
[ 45700,  0.0000652]     0.9126,     0.9822,     0.9921,     0.4380, 
[ 45800,  0.0000651]     0.9126,     0.9829,     0.9925,     0.4343, 
[ 45900,  0.0000650]     0.9103,     0.9814,     0.9916,     0.4480, 
[ 46000,  0.0000649]     0.9107,     0.9822,     0.9922,     0.4432, 
[ 46100,  0.0000649]     0.9111,     0.9819,     0.9919,     0.4449, 
[ 46200,  0.0000648]     0.9106,     0.9820,     0.9920,     0.4450, 
[ 46300,  0.0000647]     0.9110,     0.9820,     0.9920,     0.4441, 
[ 46400,  0.0000646]     0.9108,     0.9822,     0.9924,     0.4390, 
[ 46500,  0.0000645]     0.9122,     0.9833,     0.9929,     0.4328, 
[ 46600,  0.0000644]     0.9107,     0.9818,     0.9920,     0.4450, 
[ 46700,  0.0000643]     0.9097,     0.9820,     0.9921,     0.4488, 
[ 46800,  0.0000642]     0.9102,     0.9820,     0.9921,     0.4427, 
[ 46900,  0.0000642]     0.9117,     0.9821,     0.9920,     0.4399, 
[ 47000,  0.0000641]     0.9085,     0.9826,     0.9927,     0.4427, 
[ 47100,  0.0000640]     0.9101,     0.9823,     0.9922,     0.4435, 
[ 47200,  0.0000639]     0.9120,     0.9824,     0.9924,     0.4378, 
[ 47300,  0.0000638]     0.9108,     0.9826,     0.9924,     0.4381, 
[ 47400,  0.0000637]     0.9101,     0.9822,     0.9922,     0.4434, 
[ 47500,  0.0000636]     0.9104,     0.9822,     0.9922,     0.4440, 
Validation KITTI: 0.617574, 1.355021
[ 47600,  0.0000635]     0.9111,     0.9822,     0.9923,     0.4394, 
[ 47700,  0.0000635]     0.9131,     0.9830,     0.9926,     0.4319, 
[ 47800,  0.0000634]     0.9086,     0.9815,     0.9918,     0.4485, 
[ 47900,  0.0000633]     0.9125,     0.9828,     0.9924,     0.4353, 
[ 48000,  0.0000632]     0.9109,     0.9822,     0.9922,     0.4396, 
[ 48100,  0.0000631]     0.9107,     0.9820,     0.9921,     0.4420, 
[ 48200,  0.0000630]     0.9106,     0.9822,     0.9922,     0.4425, 
[ 48300,  0.0000629]     0.9114,     0.9823,     0.9922,     0.4399, 
[ 48400,  0.0000628]     0.9118,     0.9822,     0.9921,     0.4392, 
[ 48500,  0.0000628]     0.9086,     0.9814,     0.9921,     0.4502, 
[ 48600,  0.0000627]     0.9095,     0.9816,     0.9923,     0.4432, 
[ 48700,  0.0000626]     0.9102,     0.9823,     0.9924,     0.4429, 
[ 48800,  0.0000625]     0.9122,     0.9828,     0.9926,     0.4375, 
[ 48900,  0.0000624]     0.9130,     0.9832,     0.9927,     0.4320, 
[ 49000,  0.0000623]     0.9111,     0.9825,     0.9923,     0.4386, 
[ 49100,  0.0000622]     0.9121,     0.9827,     0.9925,     0.4374, 
[ 49200,  0.0000621]     0.9113,     0.9826,     0.9926,     0.4370, 
[ 49300,  0.0000621]     0.9125,     0.9824,     0.9922,     0.4403, 
[ 49400,  0.0000620]     0.9101,     0.9819,     0.9922,     0.4413, 
[ 49500,  0.0000619]     0.9114,     0.9826,     0.9926,     0.4380, 
[ 49600,  0.0000618]     0.9121,     0.9826,     0.9925,     0.4332, 
[ 49700,  0.0000617]     0.9119,     0.9828,     0.9926,     0.4321, 
[ 49800,  0.0000616]     0.9137,     0.9828,     0.9924,     0.4315, 
[ 49900,  0.0000615]     0.9145,     0.9830,     0.9925,     0.4303, 
[ 50000,  0.0000614]     0.9124,     0.9824,     0.9923,     0.4392, 
Validation KITTI: 0.613200, 1.346172
[ 50100,  0.0000614]     0.9132,     0.9829,     0.9926,     0.4293, 
[ 50200,  0.0000613]     0.9147,     0.9831,     0.9926,     0.4296, 
[ 50300,  0.0000612]     0.9113,     0.9822,     0.9923,     0.4371, 
[ 50400,  0.0000611]     0.9128,     0.9831,     0.9929,     0.4313, 
[ 50500,  0.0000610]     0.9146,     0.9835,     0.9930,     0.4246, 
[ 50600,  0.0000609]     0.9123,     0.9829,     0.9927,     0.4304, 
[ 50700,  0.0000608]     0.9129,     0.9829,     0.9926,     0.4292, 
[ 50800,  0.0000607]     0.9132,     0.9834,     0.9929,     0.4282, 
[ 50900,  0.0000607]     0.9115,     0.9828,     0.9927,     0.4332, 
[ 51000,  0.0000606]     0.9127,     0.9827,     0.9926,     0.4304, 
[ 51100,  0.0000605]     0.9138,     0.9834,     0.9928,     0.4275, 
[ 51200,  0.0000604]     0.9137,     0.9833,     0.9927,     0.4314, 
[ 51300,  0.0000603]     0.9141,     0.9833,     0.9927,     0.4289, 
[ 51400,  0.0000602]     0.9114,     0.9828,     0.9927,     0.4342, 
[ 51500,  0.0000601]     0.9135,     0.9832,     0.9927,     0.4290, 
[ 51600,  0.0000600]     0.9134,     0.9834,     0.9930,     0.4238, 
[ 51700,  0.0000600]     0.9131,     0.9827,     0.9925,     0.4316, 
[ 51800,  0.0000599]     0.9130,     0.9829,     0.9927,     0.4296, 
[ 51900,  0.0000598]     0.9131,     0.9831,     0.9928,     0.4293, 
[ 52000,  0.0000597]     0.9138,     0.9830,     0.9926,     0.4283, 
[ 52100,  0.0000596]     0.9118,     0.9830,     0.9927,     0.4317, 
[ 52200,  0.0000595]     0.9148,     0.9836,     0.9931,     0.4225, 
[ 52300,  0.0000594]     0.9128,     0.9835,     0.9929,     0.4276, 
[ 52400,  0.0000593]     0.9148,     0.9831,     0.9926,     0.4285, 
[ 52500,  0.0000592]     0.9126,     0.9827,     0.9925,     0.4346, 
Validation KITTI: 0.625185, 1.394869
[ 52600,  0.0000592]     0.9139,     0.9830,     0.9927,     0.4250, 
[ 52700,  0.0000591]     0.9127,     0.9832,     0.9928,     0.4301, 
[ 52800,  0.0000590]     0.9122,     0.9832,     0.9929,     0.4285, 
[ 52900,  0.0000589]     0.9133,     0.9832,     0.9928,     0.4292, 
[ 53000,  0.0000588]     0.9138,     0.9830,     0.9925,     0.4318, 
[ 53100,  0.0000587]     0.9139,     0.9838,     0.9931,     0.4232, 
[ 53200,  0.0000586]     0.9144,     0.9834,     0.9929,     0.4247, 
[ 53300,  0.0000585]     0.9139,     0.9830,     0.9925,     0.4315, 
[ 53400,  0.0000585]     0.9133,     0.9828,     0.9926,     0.4314, 
[ 53500,  0.0000584]     0.9137,     0.9830,     0.9925,     0.4275, 
[ 53600,  0.0000583]     0.9160,     0.9836,     0.9929,     0.4196, 
[ 53700,  0.0000582]     0.9139,     0.9831,     0.9926,     0.4301, 
[ 53800,  0.0000581]     0.9128,     0.9834,     0.9930,     0.4290, 
[ 53900,  0.0000580]     0.9157,     0.9837,     0.9929,     0.4222, 
[ 54000,  0.0000579]     0.9138,     0.9836,     0.9932,     0.4230, 
[ 54100,  0.0000578]     0.9130,     0.9830,     0.9926,     0.4307, 
[ 54200,  0.0000578]     0.9147,     0.9836,     0.9932,     0.4200, 
[ 54300,  0.0000577]     0.9147,     0.9839,     0.9932,     0.4219, 
[ 54400,  0.0000576]     0.9168,     0.9842,     0.9932,     0.4141, 
[ 54500,  0.0000575]     0.9139,     0.9833,     0.9927,     0.4281, 
[ 54600,  0.0000574]     0.9150,     0.9833,     0.9929,     0.4246, 
[ 54700,  0.0000573]     0.9138,     0.9835,     0.9928,     0.4278, 
[ 54800,  0.0000572]     0.9154,     0.9839,     0.9931,     0.4190, 
[ 54900,  0.0000571]     0.9141,     0.9832,     0.9926,     0.4258, 
[ 55000,  0.0000571]     0.9151,     0.9834,     0.9927,     0.4245, 
Validation KITTI: 0.639562, 1.498182
[ 55100,  0.0000570]     0.9143,     0.9836,     0.9931,     0.4237, 
[ 55200,  0.0000569]     0.9153,     0.9837,     0.9931,     0.4187, 
[ 55300,  0.0000568]     0.9152,     0.9835,     0.9930,     0.4224, 
[ 55400,  0.0000567]     0.9141,     0.9834,     0.9928,     0.4260, 
[ 55500,  0.0000566]     0.9162,     0.9841,     0.9933,     0.4155, 
[ 55600,  0.0000565]     0.9135,     0.9829,     0.9926,     0.4270, 
[ 55700,  0.0000564]     0.9152,     0.9834,     0.9929,     0.4236, 
[ 55800,  0.0000564]     0.9157,     0.9836,     0.9930,     0.4225, 
[ 55900,  0.0000563]     0.9152,     0.9843,     0.9935,     0.4184, 
[ 56000,  0.0000562]     0.9135,     0.9832,     0.9929,     0.4265, 
[ 56100,  0.0000561]     0.9150,     0.9841,     0.9933,     0.4181, 
[ 56200,  0.0000560]     0.9172,     0.9839,     0.9930,     0.4166, 
[ 56300,  0.0000559]     0.9146,     0.9837,     0.9933,     0.4187, 
[ 56400,  0.0000558]     0.9170,     0.9843,     0.9932,     0.4130, 
[ 56500,  0.0000557]     0.9132,     0.9836,     0.9931,     0.4250, 
[ 56600,  0.0000557]     0.9165,     0.9847,     0.9936,     0.4153, 
[ 56700,  0.0000556]     0.9148,     0.9835,     0.9929,     0.4244, 
[ 56800,  0.0000555]     0.9148,     0.9837,     0.9932,     0.4189, 
[ 56900,  0.0000554]     0.9165,     0.9845,     0.9935,     0.4121, 
[ 57000,  0.0000553]     0.9150,     0.9834,     0.9929,     0.4218, 
[ 57100,  0.0000552]     0.9165,     0.9841,     0.9932,     0.4169, 
[ 57200,  0.0000551]     0.9152,     0.9835,     0.9931,     0.4171, 
[ 57300,  0.0000550]     0.9178,     0.9843,     0.9934,     0.4115, 
[ 57400,  0.0000550]     0.9174,     0.9844,     0.9933,     0.4144, 
[ 57500,  0.0000549]     0.9152,     0.9844,     0.9935,     0.4166, 
Validation KITTI: 0.586842, 1.225504
[ 57600,  0.0000548]     0.9150,     0.9837,     0.9930,     0.4217, 
[ 57700,  0.0000547]     0.9166,     0.9844,     0.9934,     0.4152, 
[ 57800,  0.0000546]     0.9159,     0.9839,     0.9931,     0.4179, 
[ 57900,  0.0000545]     0.9164,     0.9841,     0.9933,     0.4157, 
[ 58000,  0.0000544]     0.9155,     0.9841,     0.9931,     0.4175, 
[ 58100,  0.0000543]     0.9164,     0.9842,     0.9932,     0.4156, 
[ 58200,  0.0000543]     0.9159,     0.9840,     0.9930,     0.4205, 
[ 58300,  0.0000542]     0.9172,     0.9840,     0.9931,     0.4165, 
[ 58400,  0.0000541]     0.9153,     0.9839,     0.9933,     0.4182, 
[ 58500,  0.0000540]     0.9169,     0.9840,     0.9932,     0.4132, 
[ 58600,  0.0000539]     0.9173,     0.9847,     0.9936,     0.4118, 
[ 58700,  0.0000538]     0.9149,     0.9838,     0.9934,     0.4170, 
[ 58800,  0.0000537]     0.9157,     0.9840,     0.9931,     0.4191, 
[ 58900,  0.0000536]     0.9183,     0.9847,     0.9935,     0.4083, 
[ 59000,  0.0000536]     0.9175,     0.9847,     0.9935,     0.4111, 
[ 59100,  0.0000535]     0.9191,     0.9848,     0.9934,     0.4071, 
[ 59200,  0.0000534]     0.9141,     0.9830,     0.9927,     0.4223, 
[ 59300,  0.0000533]     0.9163,     0.9838,     0.9931,     0.4152, 
[ 59400,  0.0000532]     0.9164,     0.9845,     0.9934,     0.4116, 
[ 59500,  0.0000531]     0.9182,     0.9839,     0.9930,     0.4133, 
[ 59600,  0.0000530]     0.9170,     0.9844,     0.9933,     0.4127, 
[ 59700,  0.0000529]     0.9182,     0.9847,     0.9935,     0.4091, 
[ 59800,  0.0000529]     0.9164,     0.9841,     0.9932,     0.4140, 
[ 59900,  0.0000528]     0.9147,     0.9839,     0.9932,     0.4196, 
[ 60000,  0.0000527]     0.9158,     0.9839,     0.9933,     0.4168, 
Validation KITTI: 0.641665, 1.426259
[ 60100,  0.0000526]     0.9171,     0.9847,     0.9936,     0.4105, 
[ 60200,  0.0000525]     0.9177,     0.9841,     0.9931,     0.4140, 
[ 60300,  0.0000524]     0.9156,     0.9842,     0.9933,     0.4187, 
[ 60400,  0.0000523]     0.9196,     0.9855,     0.9940,     0.3990, 
[ 60500,  0.0000522]     0.9161,     0.9842,     0.9933,     0.4174, 
[ 60600,  0.0000521]     0.9166,     0.9843,     0.9934,     0.4120, 
[ 60700,  0.0000521]     0.9149,     0.9839,     0.9933,     0.4144, 
[ 60800,  0.0000520]     0.9186,     0.9849,     0.9936,     0.4071, 
[ 60900,  0.0000519]     0.9176,     0.9843,     0.9931,     0.4129, 
[ 61000,  0.0000518]     0.9153,     0.9839,     0.9932,     0.4186, 
[ 61100,  0.0000517]     0.9181,     0.9845,     0.9935,     0.4083, 
[ 61200,  0.0000516]     0.9182,     0.9848,     0.9936,     0.4081, 
[ 61300,  0.0000515]     0.9169,     0.9844,     0.9935,     0.4130, 
[ 61400,  0.0000514]     0.9175,     0.9844,     0.9934,     0.4115, 
[ 61500,  0.0000514]     0.9183,     0.9845,     0.9933,     0.4093, 
[ 61600,  0.0000513]     0.9167,     0.9839,     0.9931,     0.4156, 
[ 61700,  0.0000512]     0.9161,     0.9839,     0.9933,     0.4148, 
[ 61800,  0.0000511]     0.9164,     0.9841,     0.9933,     0.4147, 
[ 61900,  0.0000510]     0.9157,     0.9837,     0.9930,     0.4193, 
[ 62000,  0.0000509]     0.9165,     0.9845,     0.9935,     0.4133, 
[ 62100,  0.0000508]     0.9151,     0.9840,     0.9933,     0.4169, 
[ 62200,  0.0000507]     0.9166,     0.9843,     0.9934,     0.4125, 
[ 62300,  0.0000507]     0.9180,     0.9845,     0.9935,     0.4064, 
[ 62400,  0.0000506]     0.9170,     0.9848,     0.9936,     0.4112, 
[ 62500,  0.0000505]     0.9178,     0.9845,     0.9935,     0.4071, 
Validation KITTI: 0.576703, 1.172840
[ 62600,  0.0000504]     0.9187,     0.9842,     0.9932,     0.4098, 
[ 62700,  0.0000503]     0.9172,     0.9848,     0.9937,     0.4080, 
[ 62800,  0.0000502]     0.9197,     0.9848,     0.9936,     0.4030, 
[ 62900,  0.0000501]     0.9190,     0.9847,     0.9935,     0.4062, 
[ 63000,  0.0000500]     0.9186,     0.9847,     0.9935,     0.4053, 
[ 63100,  0.0000500]     0.9166,     0.9842,     0.9933,     0.4152, 
[ 63200,  0.0000499]     0.9174,     0.9848,     0.9936,     0.4095, 
[ 63300,  0.0000498]     0.9164,     0.9847,     0.9937,     0.4092, 
[ 63400,  0.0000497]     0.9174,     0.9845,     0.9935,     0.4108, 
[ 63500,  0.0000496]     0.9165,     0.9843,     0.9933,     0.4131, 
[ 63600,  0.0000495]     0.9197,     0.9854,     0.9939,     0.3992, 
[ 63700,  0.0000494]     0.9169,     0.9842,     0.9933,     0.4118, 
[ 63800,  0.0000493]     0.9173,     0.9842,     0.9932,     0.4145, 
[ 63900,  0.0000493]     0.9178,     0.9848,     0.9936,     0.4106, 
[ 64000,  0.0000492]     0.9185,     0.9847,     0.9936,     0.4052, 
[ 64100,  0.0000491]     0.9173,     0.9844,     0.9934,     0.4121, 
[ 64200,  0.0000490]     0.9175,     0.9844,     0.9933,     0.4104, 
[ 64300,  0.0000489]     0.9177,     0.9847,     0.9936,     0.4090, 
[ 64400,  0.0000488]     0.9179,     0.9852,     0.9938,     0.4038, 
[ 64500,  0.0000487]     0.9166,     0.9847,     0.9936,     0.4107, 
[ 64600,  0.0000486]     0.9174,     0.9843,     0.9934,     0.4094, 
[ 64700,  0.0000486]     0.9167,     0.9845,     0.9935,     0.4098, 
[ 64800,  0.0000485]     0.9173,     0.9844,     0.9934,     0.4097, 
[ 64900,  0.0000484]     0.9202,     0.9851,     0.9936,     0.3999, 
[ 65000,  0.0000483]     0.9178,     0.9851,     0.9938,     0.4050, 
Validation KITTI: 0.614930, 1.295011
[ 65100,  0.0000482]     0.9200,     0.9851,     0.9938,     0.3993, 
[ 65200,  0.0000481]     0.9191,     0.9849,     0.9936,     0.4046, 
[ 65300,  0.0000480]     0.9195,     0.9850,     0.9938,     0.4023, 
[ 65400,  0.0000479]     0.9170,     0.9841,     0.9932,     0.4155, 
[ 65500,  0.0000479]     0.9174,     0.9845,     0.9933,     0.4107, 
[ 65600,  0.0000478]     0.9172,     0.9843,     0.9935,     0.4111, 
[ 65700,  0.0000477]     0.9184,     0.9848,     0.9936,     0.4039, 
[ 65800,  0.0000476]     0.9173,     0.9844,     0.9935,     0.4105, 
[ 65900,  0.0000475]     0.9193,     0.9853,     0.9938,     0.4013, 
[ 66000,  0.0000474]     0.9166,     0.9842,     0.9934,     0.4105, 
[ 66100,  0.0000473]     0.9180,     0.9849,     0.9937,     0.4059, 
[ 66200,  0.0000472]     0.9167,     0.9842,     0.9931,     0.4150, 
[ 66300,  0.0000472]     0.9204,     0.9851,     0.9936,     0.4026, 
[ 66400,  0.0000471]     0.9177,     0.9850,     0.9938,     0.4052, 
[ 66500,  0.0000470]     0.9201,     0.9850,     0.9936,     0.4012, 
[ 66600,  0.0000469]     0.9177,     0.9849,     0.9936,     0.4058, 
[ 66700,  0.0000468]     0.9189,     0.9850,     0.9937,     0.4003, 
[ 66800,  0.0000467]     0.9188,     0.9845,     0.9934,     0.4034, 
[ 66900,  0.0000466]     0.9192,     0.9845,     0.9934,     0.4037, 
[ 67000,  0.0000465]     0.9178,     0.9844,     0.9933,     0.4092, 
[ 67100,  0.0000465]     0.9168,     0.9843,     0.9935,     0.4101, 
[ 67200,  0.0000464]     0.9174,     0.9851,     0.9937,     0.4069, 
[ 67300,  0.0000463]     0.9206,     0.9853,     0.9938,     0.3959, 
[ 67400,  0.0000462]     0.9205,     0.9856,     0.9939,     0.3990, 
[ 67500,  0.0000461]     0.9169,     0.9842,     0.9933,     0.4100, 
Validation KITTI: 0.594926, 1.229634
[ 67600,  0.0000460]     0.9174,     0.9847,     0.9937,     0.4069, 
[ 67700,  0.0000459]     0.9195,     0.9848,     0.9936,     0.4010, 
[ 67800,  0.0000458]     0.9171,     0.9846,     0.9935,     0.4078, 
[ 67900,  0.0000458]     0.9187,     0.9848,     0.9936,     0.4045, 
[ 68000,  0.0000457]     0.9199,     0.9856,     0.9941,     0.3975, 
[ 68100,  0.0000456]     0.9200,     0.9854,     0.9940,     0.3974, 
[ 68200,  0.0000455]     0.9198,     0.9849,     0.9935,     0.4030, 
[ 68300,  0.0000454]     0.9202,     0.9852,     0.9937,     0.4021, 
[ 68400,  0.0000453]     0.9179,     0.9846,     0.9935,     0.4071, 
[ 68500,  0.0000452]     0.9199,     0.9854,     0.9939,     0.3980, 
[ 68600,  0.0000451]     0.9206,     0.9855,     0.9938,     0.3986, 
[ 68700,  0.0000451]     0.9198,     0.9852,     0.9938,     0.4023, 
[ 68800,  0.0000450]     0.9208,     0.9856,     0.9940,     0.3962, 
[ 68900,  0.0000449]     0.9179,     0.9850,     0.9937,     0.4059, 
[ 69000,  0.0000448]     0.9210,     0.9856,     0.9940,     0.3964, 
[ 69100,  0.0000447]     0.9179,     0.9847,     0.9937,     0.4051, 
[ 69200,  0.0000446]     0.9192,     0.9851,     0.9938,     0.4041, 
[ 69300,  0.0000445]     0.9209,     0.9852,     0.9936,     0.4008, 
[ 69400,  0.0000444]     0.9188,     0.9852,     0.9939,     0.4008, 
[ 69500,  0.0000443]     0.9196,     0.9857,     0.9939,     0.3997, 
[ 69600,  0.0000443]     0.9194,     0.9854,     0.9939,     0.3981, 
[ 69700,  0.0000442]     0.9197,     0.9847,     0.9936,     0.4019, 
[ 69800,  0.0000441]     0.9171,     0.9840,     0.9933,     0.4099, 
[ 69900,  0.0000440]     0.9202,     0.9852,     0.9937,     0.4017, 
[ 70000,  0.0000439]     0.9210,     0.9854,     0.9937,     0.3964, 
Validation KITTI: 0.607581, 1.246472
[ 70100,  0.0000438]     0.9199,     0.9851,     0.9936,     0.3995, 
[ 70200,  0.0000437]     0.9199,     0.9855,     0.9939,     0.3983, 
[ 70300,  0.0000436]     0.9199,     0.9856,     0.9939,     0.3969, 
[ 70400,  0.0000436]     0.9193,     0.9848,     0.9936,     0.4036, 
[ 70500,  0.0000435]     0.9206,     0.9853,     0.9938,     0.3966, 
[ 70600,  0.0000434]     0.9221,     0.9857,     0.9941,     0.3912, 
[ 70700,  0.0000433]     0.9216,     0.9859,     0.9941,     0.3912, 
[ 70800,  0.0000432]     0.9203,     0.9856,     0.9940,     0.3959, 
[ 70900,  0.0000431]     0.9218,     0.9857,     0.9939,     0.3947, 
[ 71000,  0.0000430]     0.9180,     0.9847,     0.9934,     0.4065, 
[ 71100,  0.0000429]     0.9190,     0.9853,     0.9940,     0.3981, 
[ 71200,  0.0000429]     0.9185,     0.9849,     0.9937,     0.4015, 
[ 71300,  0.0000428]     0.9192,     0.9852,     0.9940,     0.3992, 
[ 71400,  0.0000427]     0.9206,     0.9855,     0.9939,     0.3980, 
[ 71500,  0.0000426]     0.9219,     0.9854,     0.9939,     0.3929, 
[ 71600,  0.0000425]     0.9183,     0.9851,     0.9938,     0.4016, 
[ 71700,  0.0000424]     0.9215,     0.9857,     0.9939,     0.3951, 
[ 71800,  0.0000423]     0.9208,     0.9855,     0.9939,     0.3974, 
[ 71900,  0.0000422]     0.9206,     0.9857,     0.9941,     0.3972, 
[ 72000,  0.0000422]     0.9216,     0.9853,     0.9937,     0.3948, 
[ 72100,  0.0000421]     0.9217,     0.9853,     0.9936,     0.3974, 
[ 72200,  0.0000420]     0.9197,     0.9854,     0.9939,     0.3989, 
[ 72300,  0.0000419]     0.9178,     0.9850,     0.9938,     0.4031, 
[ 72400,  0.0000418]     0.9215,     0.9859,     0.9942,     0.3908, 
[ 72500,  0.0000417]     0.9194,     0.9853,     0.9939,     0.3986, 
Validation KITTI: 0.586650, 1.219044
[ 72600,  0.0000416]     0.9221,     0.9860,     0.9941,     0.3908, 
[ 72700,  0.0000415]     0.9198,     0.9854,     0.9940,     0.3967, 
[ 72800,  0.0000415]     0.9206,     0.9852,     0.9939,     0.3949, 
[ 72900,  0.0000414]     0.9211,     0.9853,     0.9937,     0.3978, 
[ 73000,  0.0000413]     0.9219,     0.9857,     0.9941,     0.3917, 
[ 73100,  0.0000412]     0.9215,     0.9857,     0.9942,     0.3904, 
[ 73200,  0.0000411]     0.9214,     0.9857,     0.9939,     0.3942, 
[ 73300,  0.0000410]     0.9200,     0.9853,     0.9940,     0.3962, 
[ 73400,  0.0000409]     0.9218,     0.9856,     0.9940,     0.3909, 
[ 73500,  0.0000408]     0.9197,     0.9852,     0.9938,     0.3980, 
[ 73600,  0.0000408]     0.9210,     0.9855,     0.9940,     0.3934, 
[ 73700,  0.0000407]     0.9212,     0.9858,     0.9941,     0.3931, 
[ 73800,  0.0000406]     0.9183,     0.9847,     0.9936,     0.4032, 
[ 73900,  0.0000405]     0.9229,     0.9863,     0.9943,     0.3845, 
[ 74000,  0.0000404]     0.9195,     0.9856,     0.9941,     0.3974, 
[ 74100,  0.0000403]     0.9196,     0.9854,     0.9940,     0.3988, 
[ 74200,  0.0000402]     0.9219,     0.9858,     0.9942,     0.3874, 
[ 74300,  0.0000401]     0.9198,     0.9849,     0.9936,     0.3999, 
[ 74400,  0.0000401]     0.9206,     0.9854,     0.9939,     0.3943, 
[ 74500,  0.0000400]     0.9211,     0.9854,     0.9939,     0.3946, 
[ 74600,  0.0000399]     0.9201,     0.9856,     0.9941,     0.3950, 
[ 74700,  0.0000398]     0.9242,     0.9864,     0.9942,     0.3836, 
[ 74800,  0.0000397]     0.9207,     0.9857,     0.9940,     0.3933, 
[ 74900,  0.0000396]     0.9229,     0.9861,     0.9942,     0.3870, 
[ 75000,  0.0000395]     0.9221,     0.9860,     0.9943,     0.3886, 
Validation KITTI: 0.568666, 1.142500
[ 75100,  0.0000394]     0.9209,     0.9852,     0.9937,     0.3973, 
[ 75200,  0.0000394]     0.9201,     0.9851,     0.9937,     0.3975, 
[ 75300,  0.0000393]     0.9219,     0.9859,     0.9942,     0.3904, 
[ 75400,  0.0000392]     0.9216,     0.9858,     0.9941,     0.3886, 
[ 75500,  0.0000391]     0.9210,     0.9859,     0.9942,     0.3914, 
[ 75600,  0.0000390]     0.9213,     0.9856,     0.9941,     0.3916, 
[ 75700,  0.0000389]     0.9223,     0.9858,     0.9940,     0.3899, 
[ 75800,  0.0000388]     0.9202,     0.9856,     0.9939,     0.3967, 
[ 75900,  0.0000387]     0.9208,     0.9854,     0.9939,     0.3934, 
[ 76000,  0.0000387]     0.9187,     0.9852,     0.9940,     0.3991, 
[ 76100,  0.0000386]     0.9217,     0.9858,     0.9941,     0.3909, 
[ 76200,  0.0000385]     0.9208,     0.9858,     0.9942,     0.3929, 
[ 76300,  0.0000384]     0.9202,     0.9853,     0.9938,     0.3981, 
[ 76400,  0.0000383]     0.9221,     0.9857,     0.9941,     0.3894, 
[ 76500,  0.0000382]     0.9206,     0.9854,     0.9939,     0.3937, 
[ 76600,  0.0000381]     0.9219,     0.9867,     0.9945,     0.3882, 
[ 76700,  0.0000380]     0.9199,     0.9858,     0.9942,     0.3936, 
[ 76800,  0.0000380]     0.9225,     0.9862,     0.9942,     0.3881, 
[ 76900,  0.0000379]     0.9204,     0.9851,     0.9938,     0.3983, 
[ 77000,  0.0000378]     0.9233,     0.9865,     0.9943,     0.3858, 
[ 77100,  0.0000377]     0.9227,     0.9860,     0.9942,     0.3870, 
[ 77200,  0.0000376]     0.9214,     0.9859,     0.9942,     0.3913, 
[ 77300,  0.0000375]     0.9206,     0.9858,     0.9942,     0.3920, 
[ 77400,  0.0000374]     0.9216,     0.9857,     0.9939,     0.3924, 
[ 77500,  0.0000373]     0.9203,     0.9858,     0.9941,     0.3938, 
Validation KITTI: 0.603459, 1.225411
[ 77600,  0.0000372]     0.9235,     0.9865,     0.9944,     0.3837, 
[ 77700,  0.0000372]     0.9232,     0.9857,     0.9938,     0.3915, 
[ 77800,  0.0000371]     0.9250,     0.9862,     0.9940,     0.3832, 
[ 77900,  0.0000370]     0.9203,     0.9856,     0.9941,     0.3929, 
[ 78000,  0.0000369]     0.9237,     0.9864,     0.9943,     0.3841, 
[ 78100,  0.0000368]     0.9214,     0.9858,     0.9941,     0.3915, 
[ 78200,  0.0000367]     0.9216,     0.9858,     0.9941,     0.3911, 
[ 78300,  0.0000366]     0.9231,     0.9866,     0.9945,     0.3818, 
[ 78400,  0.0000365]     0.9207,     0.9856,     0.9942,     0.3922, 
[ 78500,  0.0000365]     0.9217,     0.9858,     0.9941,     0.3908, 
[ 78600,  0.0000364]     0.9232,     0.9859,     0.9941,     0.3880, 
[ 78700,  0.0000363]     0.9223,     0.9862,     0.9944,     0.3874, 
[ 78800,  0.0000362]     0.9210,     0.9858,     0.9943,     0.3907, 
[ 78900,  0.0000361]     0.9213,     0.9858,     0.9941,     0.3929, 
[ 79000,  0.0000360]     0.9209,     0.9859,     0.9942,     0.3899, 
[ 79100,  0.0000359]     0.9223,     0.9855,     0.9939,     0.3892, 
[ 79200,  0.0000358]     0.9222,     0.9860,     0.9941,     0.3889, 
[ 79300,  0.0000358]     0.9203,     0.9857,     0.9941,     0.3926, 
[ 79400,  0.0000357]     0.9210,     0.9863,     0.9944,     0.3891, 
[ 79500,  0.0000356]     0.9225,     0.9857,     0.9940,     0.3906, 
[ 79600,  0.0000355]     0.9223,     0.9858,     0.9939,     0.3922, 
[ 79700,  0.0000354]     0.9213,     0.9858,     0.9941,     0.3911, 
[ 79800,  0.0000353]     0.9209,     0.9858,     0.9941,     0.3923, 
[ 79900,  0.0000352]     0.9183,     0.9849,     0.9937,     0.4019, 
[ 80000,  0.0000351]     0.9224,     0.9863,     0.9944,     0.3852, 
Validation KITTI: 0.604002, 1.237107
[ 80100,  0.0000351]     0.9222,     0.9862,     0.9943,     0.3885, 
[ 80200,  0.0000350]     0.9225,     0.9861,     0.9942,     0.3860, 
[ 80300,  0.0000349]     0.9237,     0.9859,     0.9940,     0.3885, 
[ 80400,  0.0000348]     0.9221,     0.9857,     0.9941,     0.3900, 
[ 80500,  0.0000347]     0.9250,     0.9867,     0.9945,     0.3792, 
[ 80600,  0.0000346]     0.9251,     0.9868,     0.9945,     0.3769, 
[ 80700,  0.0000345]     0.9229,     0.9865,     0.9944,     0.3838, 
[ 80800,  0.0000344]     0.9229,     0.9862,     0.9943,     0.3855, 
[ 80900,  0.0000344]     0.9231,     0.9865,     0.9944,     0.3853, 
[ 81000,  0.0000343]     0.9242,     0.9864,     0.9943,     0.3835, 
[ 81100,  0.0000342]     0.9229,     0.9861,     0.9942,     0.3860, 
[ 81200,  0.0000341]     0.9229,     0.9860,     0.9941,     0.3871, 
[ 81300,  0.0000340]     0.9212,     0.9856,     0.9942,     0.3898, 
[ 81400,  0.0000339]     0.9239,     0.9867,     0.9946,     0.3799, 
[ 81500,  0.0000338]     0.9230,     0.9861,     0.9942,     0.3856, 
[ 81600,  0.0000337]     0.9227,     0.9862,     0.9942,     0.3873, 
[ 81700,  0.0000337]     0.9240,     0.9864,     0.9943,     0.3836, 
[ 81800,  0.0000336]     0.9230,     0.9866,     0.9945,     0.3804, 
[ 81900,  0.0000335]     0.9217,     0.9856,     0.9939,     0.3921, 
[ 82000,  0.0000334]     0.9235,     0.9854,     0.9938,     0.3887, 
[ 82100,  0.0000333]     0.9219,     0.9860,     0.9943,     0.3874, 
[ 82200,  0.0000332]     0.9221,     0.9861,     0.9942,     0.3868, 
[ 82300,  0.0000331]     0.9224,     0.9861,     0.9943,     0.3862, 
[ 82400,  0.0000330]     0.9230,     0.9862,     0.9942,     0.3850, 
[ 82500,  0.0000330]     0.9251,     0.9867,     0.9945,     0.3786, 
Validation KITTI: 0.580005, 1.144215
[ 82600,  0.0000329]     0.9228,     0.9865,     0.9945,     0.3855, 
[ 82700,  0.0000328]     0.9235,     0.9867,     0.9945,     0.3833, 
[ 82800,  0.0000327]     0.9235,     0.9864,     0.9945,     0.3821, 
[ 82900,  0.0000326]     0.9242,     0.9866,     0.9944,     0.3818, 
[ 83000,  0.0000325]     0.9239,     0.9865,     0.9945,     0.3801, 
[ 83100,  0.0000324]     0.9237,     0.9867,     0.9946,     0.3798, 
[ 83200,  0.0000323]     0.9222,     0.9861,     0.9943,     0.3868, 
[ 83300,  0.0000323]     0.9229,     0.9865,     0.9947,     0.3798, 
[ 83400,  0.0000322]     0.9235,     0.9858,     0.9939,     0.3884, 
[ 83500,  0.0000321]     0.9246,     0.9867,     0.9945,     0.3793, 
[ 83600,  0.0000320]     0.9240,     0.9864,     0.9944,     0.3828, 
[ 83700,  0.0000319]     0.9251,     0.9867,     0.9945,     0.3772, 
[ 83800,  0.0000318]     0.9224,     0.9859,     0.9941,     0.3871, 
[ 83900,  0.0000317]     0.9241,     0.9867,     0.9946,     0.3789, 
[ 84000,  0.0000316]     0.9221,     0.9862,     0.9943,     0.3855, 
[ 84100,  0.0000316]     0.9260,     0.9870,     0.9946,     0.3756, 
[ 84200,  0.0000315]     0.9242,     0.9863,     0.9943,     0.3821, 
[ 84300,  0.0000314]     0.9253,     0.9867,     0.9942,     0.3806, 
[ 84400,  0.0000313]     0.9220,     0.9862,     0.9944,     0.3850, 
[ 84500,  0.0000312]     0.9251,     0.9867,     0.9944,     0.3794, 
[ 84600,  0.0000311]     0.9246,     0.9863,     0.9942,     0.3821, 
[ 84700,  0.0000310]     0.9233,     0.9866,     0.9945,     0.3826, 
[ 84800,  0.0000309]     0.9252,     0.9873,     0.9947,     0.3768, 
[ 84900,  0.0000309]     0.9220,     0.9858,     0.9942,     0.3879, 
[ 85000,  0.0000308]     0.9240,     0.9861,     0.9943,     0.3813, 
Validation KITTI: 0.588214, 1.157134
[ 85100,  0.0000307]     0.9229,     0.9864,     0.9945,     0.3822, 
[ 85200,  0.0000306]     0.9237,     0.9863,     0.9943,     0.3821, 
[ 85300,  0.0000305]     0.9222,     0.9862,     0.9944,     0.3859, 
[ 85400,  0.0000304]     0.9225,     0.9862,     0.9943,     0.3852, 
[ 85500,  0.0000303]     0.9240,     0.9866,     0.9946,     0.3810, 
[ 85600,  0.0000302]     0.9237,     0.9862,     0.9942,     0.3839, 
[ 85700,  0.0000302]     0.9232,     0.9864,     0.9943,     0.3857, 
[ 85800,  0.0000301]     0.9242,     0.9866,     0.9945,     0.3787, 
[ 85900,  0.0000300]     0.9250,     0.9865,     0.9944,     0.3775, 
[ 86000,  0.0000299]     0.9237,     0.9864,     0.9944,     0.3828, 
[ 86100,  0.0000298]     0.9238,     0.9862,     0.9943,     0.3847, 
[ 86200,  0.0000297]     0.9254,     0.9871,     0.9947,     0.3753, 
[ 86300,  0.0000296]     0.9232,     0.9864,     0.9945,     0.3821, 
[ 86400,  0.0000295]     0.9239,     0.9860,     0.9940,     0.3848, 
[ 86500,  0.0000294]     0.9223,     0.9859,     0.9941,     0.3875, 
[ 86600,  0.0000294]     0.9239,     0.9865,     0.9945,     0.3788, 
[ 86700,  0.0000293]     0.9232,     0.9863,     0.9943,     0.3830, 
[ 86800,  0.0000292]     0.9254,     0.9870,     0.9946,     0.3766, 
[ 86900,  0.0000291]     0.9248,     0.9866,     0.9944,     0.3773, 
[ 87000,  0.0000290]     0.9250,     0.9869,     0.9948,     0.3747, 
[ 87100,  0.0000289]     0.9262,     0.9873,     0.9947,     0.3729, 
[ 87200,  0.0000288]     0.9253,     0.9867,     0.9945,     0.3788, 
[ 87300,  0.0000287]     0.9237,     0.9868,     0.9947,     0.3775, 
[ 87400,  0.0000287]     0.9242,     0.9868,     0.9946,     0.3784, 
[ 87500,  0.0000286]     0.9260,     0.9868,     0.9946,     0.3723, 
Validation KITTI: 0.590462, 1.173031
[ 87600,  0.0000285]     0.9235,     0.9865,     0.9944,     0.3815, 
[ 87700,  0.0000284]     0.9242,     0.9867,     0.9945,     0.3807, 
[ 87800,  0.0000283]     0.9247,     0.9869,     0.9947,     0.3750, 
[ 87900,  0.0000282]     0.9240,     0.9866,     0.9944,     0.3809, 
[ 88000,  0.0000281]     0.9237,     0.9864,     0.9944,     0.3805, 
[ 88100,  0.0000280]     0.9238,     0.9868,     0.9946,     0.3799, 
[ 88200,  0.0000280]     0.9246,     0.9866,     0.9944,     0.3787, 
[ 88300,  0.0000279]     0.9238,     0.9861,     0.9943,     0.3820, 
[ 88400,  0.0000278]     0.9255,     0.9868,     0.9946,     0.3761, 
[ 88500,  0.0000277]     0.9234,     0.9863,     0.9944,     0.3823, 
[ 88600,  0.0000276]     0.9223,     0.9865,     0.9945,     0.3821, 
[ 88700,  0.0000275]     0.9248,     0.9868,     0.9945,     0.3780, 
[ 88800,  0.0000274]     0.9242,     0.9865,     0.9945,     0.3784, 
[ 88900,  0.0000273]     0.9237,     0.9867,     0.9946,     0.3799, 
[ 89000,  0.0000273]     0.9248,     0.9870,     0.9947,     0.3732, 
[ 89100,  0.0000272]     0.9232,     0.9864,     0.9944,     0.3817, 
[ 89200,  0.0000271]     0.9259,     0.9871,     0.9947,     0.3736, 
[ 89300,  0.0000270]     0.9255,     0.9868,     0.9945,     0.3756, 
[ 89400,  0.0000269]     0.9257,     0.9870,     0.9947,     0.3745, 
[ 89500,  0.0000268]     0.9244,     0.9867,     0.9945,     0.3795, 
[ 89600,  0.0000267]     0.9237,     0.9862,     0.9943,     0.3827, 
[ 89700,  0.0000266]     0.9237,     0.9866,     0.9945,     0.3794, 
[ 89800,  0.0000266]     0.9259,     0.9866,     0.9944,     0.3760, 
[ 89900,  0.0000265]     0.9247,     0.9866,     0.9945,     0.3781, 
[ 90000,  0.0000264]     0.9257,     0.9870,     0.9946,     0.3756, 
Validation KITTI: 0.569066, 1.083948
[ 90100,  0.0000263]     0.9252,     0.9869,     0.9946,     0.3763, 
[ 90200,  0.0000262]     0.9267,     0.9870,     0.9945,     0.3728, 
[ 90300,  0.0000261]     0.9243,     0.9868,     0.9946,     0.3803, 
[ 90400,  0.0000260]     0.9246,     0.9872,     0.9949,     0.3754, 
[ 90500,  0.0000259]     0.9250,     0.9864,     0.9944,     0.3781, 
[ 90600,  0.0000259]     0.9269,     0.9872,     0.9946,     0.3724, 
[ 90700,  0.0000258]     0.9247,     0.9869,     0.9947,     0.3779, 
[ 90800,  0.0000257]     0.9260,     0.9870,     0.9946,     0.3743, 
[ 90900,  0.0000256]     0.9254,     0.9867,     0.9945,     0.3762, 
[ 91000,  0.0000255]     0.9252,     0.9871,     0.9946,     0.3761, 
[ 91100,  0.0000254]     0.9244,     0.9866,     0.9944,     0.3793, 
[ 91200,  0.0000253]     0.9258,     0.9875,     0.9950,     0.3704, 
[ 91300,  0.0000252]     0.9254,     0.9866,     0.9945,     0.3748, 
[ 91400,  0.0000252]     0.9257,     0.9872,     0.9948,     0.3726, 
[ 91500,  0.0000251]     0.9263,     0.9872,     0.9948,     0.3713, 
[ 91600,  0.0000250]     0.9259,     0.9868,     0.9945,     0.3745, 
[ 91700,  0.0000249]     0.9251,     0.9867,     0.9945,     0.3788, 
[ 91800,  0.0000248]     0.9248,     0.9868,     0.9946,     0.3762, 
[ 91900,  0.0000247]     0.9271,     0.9870,     0.9947,     0.3693, 
[ 92000,  0.0000246]     0.9258,     0.9873,     0.9947,     0.3711, 
[ 92100,  0.0000245]     0.9263,     0.9872,     0.9946,     0.3711, 
[ 92200,  0.0000245]     0.9256,     0.9870,     0.9946,     0.3735, 
[ 92300,  0.0000244]     0.9271,     0.9870,     0.9946,     0.3709, 
[ 92400,  0.0000243]     0.9244,     0.9866,     0.9945,     0.3762, 
[ 92500,  0.0000242]     0.9255,     0.9874,     0.9949,     0.3716, 
Validation KITTI: 0.568876, 1.083361
[ 92600,  0.0000241]     0.9237,     0.9867,     0.9945,     0.3799, 
[ 92700,  0.0000240]     0.9255,     0.9871,     0.9948,     0.3708, 
[ 92800,  0.0000239]     0.9252,     0.9869,     0.9946,     0.3750, 
[ 92900,  0.0000238]     0.9258,     0.9872,     0.9948,     0.3709, 
[ 93000,  0.0000238]     0.9242,     0.9868,     0.9946,     0.3794, 
[ 93100,  0.0000237]     0.9263,     0.9872,     0.9946,     0.3747, 
[ 93200,  0.0000236]     0.9251,     0.9868,     0.9946,     0.3740, 
[ 93300,  0.0000235]     0.9251,     0.9867,     0.9946,     0.3755, 
[ 93400,  0.0000234]     0.9259,     0.9871,     0.9948,     0.3702, 
[ 93500,  0.0000233]     0.9271,     0.9871,     0.9947,     0.3691, 
[ 93600,  0.0000232]     0.9254,     0.9868,     0.9946,     0.3765, 
[ 93700,  0.0000231]     0.9237,     0.9868,     0.9946,     0.3761, 
[ 93800,  0.0000231]     0.9261,     0.9870,     0.9946,     0.3739, 
[ 93900,  0.0000230]     0.9244,     0.9870,     0.9947,     0.3754, 
[ 94000,  0.0000229]     0.9255,     0.9870,     0.9946,     0.3726, 
[ 94100,  0.0000228]     0.9257,     0.9873,     0.9948,     0.3716, 
[ 94200,  0.0000227]     0.9245,     0.9866,     0.9945,     0.3749, 
[ 94300,  0.0000226]     0.9240,     0.9867,     0.9946,     0.3774, 
[ 94400,  0.0000225]     0.9254,     0.9869,     0.9946,     0.3747, 
[ 94500,  0.0000224]     0.9260,     0.9870,     0.9947,     0.3730, 
[ 94600,  0.0000224]     0.9250,     0.9870,     0.9946,     0.3760, 
[ 94700,  0.0000223]     0.9235,     0.9865,     0.9945,     0.3786, 
[ 94800,  0.0000222]     0.9251,     0.9867,     0.9945,     0.3766, 
[ 94900,  0.0000221]     0.9277,     0.9872,     0.9947,     0.3678, 
[ 95000,  0.0000220]     0.9243,     0.9869,     0.9947,     0.3763, 
Validation KITTI: 0.571063, 1.090789
[ 95100,  0.0000219]     0.9274,     0.9874,     0.9948,     0.3683, 
[ 95200,  0.0000218]     0.9277,     0.9874,     0.9948,     0.3677, 
[ 95300,  0.0000217]     0.9240,     0.9871,     0.9949,     0.3750, 
[ 95400,  0.0000216]     0.9268,     0.9875,     0.9949,     0.3674, 
[ 95500,  0.0000216]     0.9252,     0.9873,     0.9949,     0.3702, 
[ 95600,  0.0000215]     0.9240,     0.9866,     0.9945,     0.3790, 
[ 95700,  0.0000214]     0.9264,     0.9873,     0.9949,     0.3682, 
[ 95800,  0.0000213]     0.9249,     0.9870,     0.9947,     0.3770, 
[ 95900,  0.0000212]     0.9264,     0.9873,     0.9948,     0.3693, 
[ 96000,  0.0000211]     0.9271,     0.9876,     0.9949,     0.3661, 
[ 96100,  0.0000210]     0.9259,     0.9868,     0.9945,     0.3728, 
[ 96200,  0.0000209]     0.9244,     0.9872,     0.9948,     0.3753, 
[ 96300,  0.0000209]     0.9245,     0.9865,     0.9945,     0.3799, 
[ 96400,  0.0000208]     0.9282,     0.9876,     0.9948,     0.3657, 
[ 96500,  0.0000207]     0.9255,     0.9871,     0.9947,     0.3726, 
[ 96600,  0.0000206]     0.9252,     0.9869,     0.9947,     0.3752, 
[ 96700,  0.0000205]     0.9282,     0.9873,     0.9947,     0.3659, 
[ 96800,  0.0000204]     0.9227,     0.9864,     0.9943,     0.3839, 
[ 96900,  0.0000203]     0.9270,     0.9873,     0.9948,     0.3693, 
[ 97000,  0.0000202]     0.9270,     0.9871,     0.9946,     0.3714, 
[ 97100,  0.0000202]     0.9261,     0.9875,     0.9949,     0.3699, 
[ 97200,  0.0000201]     0.9272,     0.9874,     0.9949,     0.3684, 
[ 97300,  0.0000200]     0.9278,     0.9876,     0.9950,     0.3639, 
[ 97400,  0.0000199]     0.9266,     0.9872,     0.9947,     0.3708, 
[ 97500,  0.0000198]     0.9253,     0.9873,     0.9949,     0.3708, 
Validation KITTI: 0.585201, 1.141439
[ 97600,  0.0000197]     0.9253,     0.9870,     0.9946,     0.3742, 
[ 97700,  0.0000196]     0.9271,     0.9878,     0.9951,     0.3656, 
[ 97800,  0.0000195]     0.9268,     0.9874,     0.9948,     0.3693, 
[ 97900,  0.0000195]     0.9294,     0.9877,     0.9950,     0.3605, 
[ 98000,  0.0000194]     0.9268,     0.9869,     0.9946,     0.3702, 
[ 98100,  0.0000193]     0.9256,     0.9866,     0.9944,     0.3743, 
[ 98200,  0.0000192]     0.9247,     0.9869,     0.9947,     0.3750, 
[ 98300,  0.0000191]     0.9271,     0.9872,     0.9947,     0.3699, 
[ 98400,  0.0000190]     0.9271,     0.9876,     0.9949,     0.3676, 
[ 98500,  0.0000189]     0.9244,     0.9866,     0.9945,     0.3765, 
[ 98600,  0.0000188]     0.9268,     0.9877,     0.9951,     0.3645, 
[ 98700,  0.0000188]     0.9253,     0.9868,     0.9946,     0.3740, 
[ 98800,  0.0000187]     0.9254,     0.9871,     0.9947,     0.3730, 
[ 98900,  0.0000186]     0.9263,     0.9872,     0.9947,     0.3715, 
[ 99000,  0.0000185]     0.9266,     0.9874,     0.9948,     0.3704, 
[ 99100,  0.0000184]     0.9266,     0.9873,     0.9947,     0.3703, 
[ 99200,  0.0000183]     0.9267,     0.9873,     0.9948,     0.3685, 
[ 99300,  0.0000182]     0.9269,     0.9875,     0.9950,     0.3657, 
[ 99400,  0.0000181]     0.9256,     0.9871,     0.9948,     0.3730, 
[ 99500,  0.0000181]     0.9251,     0.9872,     0.9950,     0.3692, 
[ 99600,  0.0000180]     0.9273,     0.9872,     0.9947,     0.3692, 
[ 99700,  0.0000179]     0.9292,     0.9882,     0.9952,     0.3586, 
[ 99800,  0.0000178]     0.9265,     0.9871,     0.9947,     0.3719, 
[ 99900,  0.0000177]     0.9246,     0.9869,     0.9947,     0.3740, 
[100000,  0.0000176]     0.9278,     0.9873,     0.9948,     0.3665, 
Validation KITTI: 0.571691, 1.085581
[100100,  0.0000175]     0.9253,     0.9873,     0.9949,     0.3703, 
[100200,  0.0000174]     0.9288,     0.9876,     0.9949,     0.3661, 
[100300,  0.0000174]     0.9267,     0.9874,     0.9948,     0.3687, 
[100400,  0.0000173]     0.9262,     0.9874,     0.9949,     0.3703, 
[100500,  0.0000172]     0.9275,     0.9872,     0.9947,     0.3661, 
[100600,  0.0000171]     0.9258,     0.9872,     0.9948,     0.3719, 
[100700,  0.0000170]     0.9248,     0.9870,     0.9948,     0.3723, 
[100800,  0.0000169]     0.9268,     0.9873,     0.9949,     0.3670, 
[100900,  0.0000168]     0.9269,     0.9874,     0.9948,     0.3679, 
[101000,  0.0000167]     0.9286,     0.9878,     0.9950,     0.3618, 
[101100,  0.0000167]     0.9277,     0.9877,     0.9951,     0.3640, 
[101200,  0.0000166]     0.9261,     0.9874,     0.9949,     0.3684, 
[101300,  0.0000165]     0.9292,     0.9878,     0.9950,     0.3597, 
[101400,  0.0000164]     0.9266,     0.9874,     0.9950,     0.3670, 
[101500,  0.0000163]     0.9298,     0.9881,     0.9952,     0.3577, 
[101600,  0.0000162]     0.9263,     0.9872,     0.9948,     0.3682, 
[101700,  0.0000161]     0.9271,     0.9869,     0.9946,     0.3695, 
[101800,  0.0000160]     0.9268,     0.9875,     0.9949,     0.3683, 
[101900,  0.0000160]     0.9257,     0.9873,     0.9949,     0.3694, 
[102000,  0.0000159]     0.9292,     0.9882,     0.9952,     0.3587, 
[102100,  0.0000158]     0.9272,     0.9871,     0.9947,     0.3693, 
[102200,  0.0000157]     0.9272,     0.9876,     0.9950,     0.3662, 
[102300,  0.0000156]     0.9290,     0.9880,     0.9951,     0.3588, 
[102400,  0.0000155]     0.9271,     0.9874,     0.9948,     0.3676, 
[102500,  0.0000154]     0.9264,     0.9873,     0.9948,     0.3684, 
Validation KITTI: 0.582963, 1.167175
[102600,  0.0000153]     0.9280,     0.9876,     0.9949,     0.3636, 
[102700,  0.0000153]     0.9271,     0.9873,     0.9948,     0.3664, 
[102800,  0.0000152]     0.9252,     0.9873,     0.9949,     0.3725, 
[102900,  0.0000151]     0.9257,     0.9872,     0.9948,     0.3705, 
[103000,  0.0000150]     0.9285,     0.9878,     0.9950,     0.3626, 
[103100,  0.0000149]     0.9280,     0.9876,     0.9950,     0.3632, 
[103200,  0.0000148]     0.9284,     0.9877,     0.9949,     0.3629, 
[103300,  0.0000147]     0.9269,     0.9873,     0.9948,     0.3685, 
[103400,  0.0000146]     0.9261,     0.9874,     0.9948,     0.3711, 
[103500,  0.0000145]     0.9261,     0.9875,     0.9950,     0.3676, 
[103600,  0.0000145]     0.9268,     0.9874,     0.9949,     0.3675, 
[103700,  0.0000144]     0.9280,     0.9877,     0.9949,     0.3654, 
[103800,  0.0000143]     0.9270,     0.9871,     0.9946,     0.3696, 
[103900,  0.0000142]     0.9280,     0.9877,     0.9950,     0.3627, 
[104000,  0.0000141]     0.9275,     0.9876,     0.9948,     0.3669, 
[104100,  0.0000140]     0.9291,     0.9878,     0.9950,     0.3610, 
[104200,  0.0000139]     0.9264,     0.9877,     0.9950,     0.3675, 
[104300,  0.0000138]     0.9276,     0.9875,     0.9949,     0.3645, 
[104400,  0.0000138]     0.9254,     0.9872,     0.9948,     0.3718, 
[104500,  0.0000137]     0.9278,     0.9877,     0.9950,     0.3641, 
[104600,  0.0000136]     0.9273,     0.9878,     0.9950,     0.3647, 
[104700,  0.0000135]     0.9290,     0.9881,     0.9951,     0.3600, 
[104800,  0.0000134]     0.9282,     0.9877,     0.9949,     0.3637, 
[104900,  0.0000133]     0.9267,     0.9874,     0.9949,     0.3685, 
[105000,  0.0000132]     0.9270,     0.9873,     0.9948,     0.3670, 
Validation KITTI: 0.567993, 1.058882
[105100,  0.0000131]     0.9274,     0.9874,     0.9948,     0.3682, 
[105200,  0.0000131]     0.9286,     0.9882,     0.9952,     0.3601, 
[105300,  0.0000130]     0.9281,     0.9879,     0.9951,     0.3638, 
[105400,  0.0000129]     0.9276,     0.9880,     0.9952,     0.3623, 
[105500,  0.0000128]     0.9277,     0.9876,     0.9949,     0.3656, 
[105600,  0.0000127]     0.9282,     0.9879,     0.9951,     0.3644, 
[105700,  0.0000126]     0.9285,     0.9881,     0.9952,     0.3609, 
[105800,  0.0000125]     0.9285,     0.9877,     0.9949,     0.3638, 
[105900,  0.0000124]     0.9289,     0.9880,     0.9952,     0.3602, 
[106000,  0.0000124]     0.9283,     0.9877,     0.9948,     0.3654, 
[106100,  0.0000123]     0.9270,     0.9874,     0.9949,     0.3670, 
[106200,  0.0000122]     0.9263,     0.9875,     0.9950,     0.3683, 
[106300,  0.0000121]     0.9281,     0.9877,     0.9949,     0.3645, 
[106400,  0.0000120]     0.9264,     0.9870,     0.9947,     0.3711, 
[106500,  0.0000119]     0.9288,     0.9882,     0.9953,     0.3598, 
[106600,  0.0000118]     0.9281,     0.9875,     0.9949,     0.3660, 
[106700,  0.0000117]     0.9287,     0.9876,     0.9949,     0.3602, 
[106800,  0.0000117]     0.9257,     0.9873,     0.9948,     0.3693, 
[106900,  0.0000116]     0.9275,     0.9876,     0.9948,     0.3670, 
[107000,  0.0000115]     0.9269,     0.9875,     0.9950,     0.3663, 
[107100,  0.0000114]     0.9268,     0.9875,     0.9949,     0.3668, 
[107200,  0.0000113]     0.9299,     0.9879,     0.9950,     0.3596, 
[107300,  0.0000112]     0.9309,     0.9885,     0.9952,     0.3540, 
[107400,  0.0000111]     0.9271,     0.9876,     0.9949,     0.3662, 
[107500,  0.0000110]     0.9284,     0.9874,     0.9948,     0.3643, 
Validation KITTI: 0.580551, 1.111219
[107600,  0.0000110]     0.9270,     0.9877,     0.9950,     0.3650, 
[107700,  0.0000109]     0.9274,     0.9873,     0.9947,     0.3686, 
[107800,  0.0000108]     0.9291,     0.9881,     0.9951,     0.3594, 
[107900,  0.0000107]     0.9271,     0.9873,     0.9946,     0.3706, 
[108000,  0.0000106]     0.9279,     0.9879,     0.9951,     0.3631, 
[108100,  0.0000105]     0.9280,     0.9877,     0.9951,     0.3628, 
[108200,  0.0000104]     0.9284,     0.9878,     0.9950,     0.3604, 
[108300,  0.0000103]     0.9284,     0.9876,     0.9948,     0.3657, 
[108400,  0.0000103]     0.9287,     0.9875,     0.9948,     0.3620, 
[108500,  0.0000102]     0.9277,     0.9876,     0.9949,     0.3648, 
[108600,  0.0000101]     0.9283,     0.9876,     0.9950,     0.3616, 
[108700,  0.0000100]     0.9298,     0.9882,     0.9951,     0.3581, 
[108800,  0.0000099]     0.9291,     0.9879,     0.9950,     0.3585, 
[108900,  0.0000098]     0.9287,     0.9881,     0.9951,     0.3610, 
[109000,  0.0000097]     0.9281,     0.9878,     0.9950,     0.3638, 
[109100,  0.0000096]     0.9291,     0.9877,     0.9949,     0.3625, 
[109200,  0.0000096]     0.9271,     0.9877,     0.9950,     0.3638, 
[109300,  0.0000095]     0.9271,     0.9878,     0.9951,     0.3641, 
aiai[109400,  0.0000094]     0.9290,     0.9877,     0.9949,     0.3626, 
[109500,  0.0000093]     0.9266,     0.9872,     0.9946,     0.3727, 
[109600,  0.0000092]     0.9284,     0.9877,     0.9950,     0.3615, 
[109700,  0.0000091]     0.9273,     0.9878,     0.9951,     0.3653, 
[109800,  0.0000090]     0.9281,     0.9879,     0.9951,     0.3613, 
[109900,  0.0000089]     0.9274,     0.9876,     0.9949,     0.3669, 
[110000,  0.0000089]     0.9302,     0.9882,     0.9952,     0.3539, 
Validation KITTI: 0.574499, 1.109897
[110100,  0.0000088]     0.9309,     0.9887,     0.9953,     0.3534, 
[110200,  0.0000087]     0.9271,     0.9877,     0.9951,     0.3636, 
[110300,  0.0000086]     0.9283,     0.9881,     0.9951,     0.3625, 
[110400,  0.0000085]     0.9291,     0.9882,     0.9952,     0.3588, 
[110500,  0.0000084]     0.9286,     0.9876,     0.9949,     0.3630, 
[110600,  0.0000083]     0.9255,     0.9872,     0.9948,     0.3711, 
[110700,  0.0000082]     0.9287,     0.9877,     0.9950,     0.3605, 
[110800,  0.0000082]     0.9276,     0.9877,     0.9950,     0.3631, 
[110900,  0.0000081]     0.9303,     0.9880,     0.9951,     0.3569, 
[111000,  0.0000080]     0.9286,     0.9878,     0.9950,     0.3606, 
[111100,  0.0000079]     0.9265,     0.9875,     0.9950,     0.3648, 
[111200,  0.0000078]     0.9281,     0.9881,     0.9951,     0.3632, 
[111300,  0.0000077]     0.9278,     0.9877,     0.9949,     0.3637, 
[111400,  0.0000076]     0.9293,     0.9880,     0.9952,     0.3600, 
[111500,  0.0000075]     0.9274,     0.9878,     0.9951,     0.3627, 
[111600,  0.0000075]     0.9302,     0.9882,     0.9951,     0.3558, 
[111700,  0.0000074]     0.9276,     0.9878,     0.9950,     0.3633, 
[111800,  0.0000073]     0.9273,     0.9875,     0.9949,     0.3648, 
[111900,  0.0000072]     0.9302,     0.9883,     0.9953,     0.3557, 
[112000,  0.0000071]     0.9270,     0.9875,     0.9950,     0.3655, 
[112100,  0.0000070]     0.9276,     0.9881,     0.9952,     0.3622, 
[112200,  0.0000069]     0.9303,     0.9884,     0.9952,     0.3550, 
[112300,  0.0000068]     0.9296,     0.9882,     0.9952,     0.3566, 
[112400,  0.0000067]     0.9291,     0.9878,     0.9949,     0.3603, 
[112500,  0.0000067]     0.9300,     0.9882,     0.9951,     0.3558, 
Validation KITTI: 0.582590, 1.135371
[112600,  0.0000066]     0.9266,     0.9877,     0.9951,     0.3659, 
[112700,  0.0000065]     0.9314,     0.9885,     0.9953,     0.3507, 
[112800,  0.0000064]     0.9302,     0.9881,     0.9951,     0.3572, 
[112900,  0.0000063]     0.9277,     0.9877,     0.9949,     0.3655, 
[113000,  0.0000062]     0.9287,     0.9879,     0.9951,     0.3590, 
[113100,  0.0000061]     0.9279,     0.9877,     0.9949,     0.3637, 
[113200,  0.0000060]     0.9288,     0.9878,     0.9950,     0.3593, 
[113300,  0.0000060]     0.9279,     0.9881,     0.9952,     0.3607, 
[113400,  0.0000059]     0.9293,     0.9879,     0.9951,     0.3581, 
[113500,  0.0000058]     0.9294,     0.9876,     0.9948,     0.3598, 
[113600,  0.0000057]     0.9272,     0.9873,     0.9948,     0.3654, 
[113700,  0.0000056]     0.9299,     0.9880,     0.9951,     0.3580, 
[113800,  0.0000055]     0.9291,     0.9879,     0.9950,     0.3607, 
[113900,  0.0000054]     0.9296,     0.9881,     0.9951,     0.3593, 
[114000,  0.0000053]     0.9288,     0.9883,     0.9953,     0.3585, 
[114100,  0.0000053]     0.9287,     0.9880,     0.9952,     0.3610, 
[114200,  0.0000052]     0.9298,     0.9879,     0.9949,     0.3603, 
[114300,  0.0000051]     0.9280,     0.9877,     0.9950,     0.3638, 
[114400,  0.0000050]     0.9306,     0.9883,     0.9951,     0.3556, 
[114500,  0.0000049]     0.9284,     0.9876,     0.9949,     0.3620, 
[114600,  0.0000048]     0.9295,     0.9880,     0.9952,     0.3561, 
[114700,  0.0000047]     0.9295,     0.9884,     0.9954,     0.3577, 
[114800,  0.0000046]     0.9276,     0.9875,     0.9948,     0.3656, 
[114900,  0.0000046]     0.9300,     0.9882,     0.9952,     0.3551, 
[115000,  0.0000045]     0.9273,     0.9875,     0.9949,     0.3655, 
Validation KITTI: 0.579757, 1.127077
[115100,  0.0000044]     0.9284,     0.9876,     0.9949,     0.3638, 
[115200,  0.0000043]     0.9290,     0.9880,     0.9952,     0.3592, 
[115300,  0.0000042]     0.9301,     0.9880,     0.9950,     0.3570, 
[115400,  0.0000041]     0.9290,     0.9881,     0.9952,     0.3589, 
[115500,  0.0000040]     0.9291,     0.9878,     0.9950,     0.3606, 
[115600,  0.0000039]     0.9290,     0.9877,     0.9950,     0.3595, 
[115700,  0.0000039]     0.9290,     0.9881,     0.9952,     0.3590, 
[115800,  0.0000038]     0.9281,     0.9879,     0.9951,     0.3600, 
[115900,  0.0000037]     0.9299,     0.9881,     0.9951,     0.3568, 
[116000,  0.0000036]     0.9281,     0.9878,     0.9950,     0.3612, 
[116100,  0.0000035]     0.9287,     0.9879,     0.9951,     0.3613, 
[116200,  0.0000034]     0.9290,     0.9880,     0.9951,     0.3598, 
[116300,  0.0000033]     0.9284,     0.9879,     0.9951,     0.3633, 
[116400,  0.0000032]     0.9297,     0.9882,     0.9952,     0.3567, 
[116500,  0.0000032]     0.9290,     0.9879,     0.9950,     0.3614, 
[116600,  0.0000031]     0.9294,     0.9882,     0.9951,     0.3591, 
[116700,  0.0000030]     0.9290,     0.9880,     0.9951,     0.3601, 
[116800,  0.0000029]     0.9299,     0.9881,     0.9951,     0.3561, 
[116900,  0.0000028]     0.9293,     0.9879,     0.9950,     0.3598, 
[117000,  0.0000027]     0.9293,     0.9880,     0.9952,     0.3555, 
[117100,  0.0000026]     0.9303,     0.9883,     0.9952,     0.3560, 
[117200,  0.0000025]     0.9301,     0.9882,     0.9951,     0.3556, 
[117300,  0.0000025]     0.9310,     0.9886,     0.9954,     0.3525, 
[117400,  0.0000024]     0.9302,     0.9881,     0.9951,     0.3574, 
[117500,  0.0000023]     0.9291,     0.9879,     0.9951,     0.3583, 
Validation KITTI: 0.574252, 1.102441
[117600,  0.0000022]     0.9297,     0.9883,     0.9953,     0.3556, 
[117700,  0.0000021]     0.9297,     0.9881,     0.9951,     0.3567, 
[117800,  0.0000020]     0.9281,     0.9876,     0.9950,     0.3614, 
[117900,  0.0000019]     0.9296,     0.9880,     0.9951,     0.3567, 
[118000,  0.0000018]     0.9295,     0.9880,     0.9950,     0.3602, 
[118100,  0.0000018]     0.9309,     0.9882,     0.9952,     0.3540, 
[118200,  0.0000017]     0.9290,     0.9880,     0.9951,     0.3573, 
[118300,  0.0000016]     0.9301,     0.9882,     0.9952,     0.3574, 
[118400,  0.0000015]     0.9297,     0.9881,     0.9951,     0.3570, 
[118500,  0.0000014]     0.9293,     0.9881,     0.9952,     0.3575, 
[118600,  0.0000013]     0.9298,     0.9881,     0.9952,     0.3573, 
[118700,  0.0000012]     0.9298,     0.9878,     0.9950,     0.3601, 
[118800,  0.0000011]     0.9291,     0.9880,     0.9950,     0.3597, 
[118900,  0.0000011]     0.9285,     0.9880,     0.9952,     0.3594, 
[119000,  0.0000010]     0.9306,     0.9883,     0.9952,     0.3546, 
[119100,  0.0000009]     0.9290,     0.9879,     0.9950,     0.3596, 
[119200,  0.0000008]     0.9299,     0.9883,     0.9952,     0.3566, 
[119300,  0.0000007]     0.9286,     0.9883,     0.9953,     0.3583, 
[119400,  0.0000006]     0.9290,     0.9879,     0.9951,     0.3584, 
[119500,  0.0000005]     0.9275,     0.9877,     0.9950,     0.3658, 
[119600,  0.0000004]     0.9291,     0.9881,     0.9951,     0.3575, 
[119700,  0.0000004]     0.9278,     0.9878,     0.9950,     0.3635, 
[119800,  0.0000003]     0.9277,     0.9876,     0.9949,     0.3652, 
[119900,  0.0000002]     0.9295,     0.9883,     0.9953,     0.3563, 
[120000,  0.0000001]     0.9288,     0.9879,     0.9951,     0.3588, 
Validation KITTI: 0.572659, 1.095274

Process finished with exit code 0
